0 0 0
0.999914 6.96597e-06 0.0130972 0.0297143
-0.000314413 0.999724 0.0234724 0.114098
-0.0130934 -0.0234745 0.999639 -0.573847
-0 -0 0 1
1 1 0
0.999994 0.00073458 0.00344365 0.0454525
-0.000829393 0.999618 0.0276124 0.0466132
-0.00342205 -0.0276151 0.999613 -0.542059
-0 -0 0 1
2 2 0
0.999817 0.00184825 -0.0190252 0.0565189
-0.00102378 0.999064 0.0432548 0.0226157
0.0190873 -0.0432274 0.998883 -0.547897
-0 -0 0 1
3 3 0
0.99851 0.00615892 -0.0542213 0.0592199
-0.00323696 0.998546 0.0538133 0.0206174
0.0544739 -0.0535576 0.997078 -0.544579
-0 -0 0 1
4 4 0
0.999054 0.00806457 -0.0427258 0.0663682
-0.00572169 0.998488 0.0546765 0.0215152
0.0431021 -0.0543804 0.99759 -0.543858
-0 -0 0 1
5 5 0
0.987934 0.0174106 -0.153894 0.0855601
-0.00451777 0.996478 0.083733 0.00583505
0.15481 -0.0820275 0.984533 -0.531965
-0 -0 0 1
6 6 0
0.972213 0.0335106 -0.231689 0.103133
-0.00748165 0.993644 0.112322 0.00617607
0.23398 -0.107468 0.966284 -0.512829
-0 -0 0 1
7 7 0
0.972177 0.0413708 -0.230564 0.127597
-0.0132987 0.992441 0.122003 0.005449
0.233868 -0.115542 0.965379 -0.485124
-0 -0 0 1
8 8 0
0.96336 0.0523021 -0.263062 0.171705
-0.0153997 0.989971 0.140431 0.00685975
0.267769 -0.131234 0.954504 -0.486677
-0 -0 0 1
9 9 0
0.935261 0.0748351 -0.345958 0.205926
-0.0160381 0.98535 0.169787 0.0125106
0.353595 -0.153246 0.92276 -0.478084
-0 -0 0 1
10 10 0
0.907896 0.0959119 -0.408075 0.228115
-0.0196454 0.982139 0.187129 0.0115549
0.418735 -0.161877 0.893564 -0.448821
-0 -0 0 1
11 11 0
0.864118 0.116186 -0.489695 0.277274
-0.020336 0.980254 0.196692 0.0128925
0.502879 -0.160006 0.849418 -0.436417
-0 -0 0 1
12 12 0
0.819289 0.138052 -0.556514 0.309309
-0.0241633 0.978033 0.207044 0.0152671
0.572872 -0.156182 0.804627 -0.410445
-0 -0 0 1
13 13 0
0.78466 0.152437 -0.600892 0.332562
-0.0272055 0.97683 0.212281 0.01474
0.619329 -0.150221 0.770627 -0.37791
-0 -0 0 1
14 14 0
0.693182 0.172752 -0.699754 0.379661
-0.019113 0.974916 0.22175 0.00965293
0.720509 -0.140339 0.679096 -0.347091
-0 -0 0 1
15 15 0
0.642926 0.184902 -0.743275 0.412192
-0.0234519 0.974721 0.222192 0.00522956
0.765569 -0.125422 0.63101 -0.3026
-0 -0 0 1
16 16 0
0.599101 0.184808 -0.779053 0.458166
-0.0219553 0.976423 0.214745 0.00325108
0.800372 -0.11155 0.589034 -0.262541
-0 -0 0 1
17 17 0
0.493026 0.193253 -0.84828 0.503564
-0.0134534 0.976595 0.214666 0.00301187
0.869911 -0.0944239 0.484087 -0.220543
-0 -0 0 1
18 18 0
0.362116 0.196206 -0.911249 0.549551
-0.00447567 0.977951 0.208789 0.00203334
0.932122 -0.0715274 0.35501 -0.164529
-0 -0 0 1
19 19 0
0.235109 0.196449 -0.951909 0.581388
-0.0020643 0.979461 0.201625 0.00358686
0.971967 -0.0454389 0.230686 -0.105406
-0 -0 0 1
20 20 0
0.153786 0.184995 -0.970632 0.587738
-0.00205638 0.982375 0.186908 0.00372407
0.988102 -0.0267478 0.151456 -0.0484664
-0 -0 0 1
21 21 0
0.0430398 0.174811 -0.983661 0.605077
0.00171092 0.984559 0.175046 0.00449917
0.999072 -0.0092169 0.0420761 0.00851314
-0 -0 0 1
22 22 0
-0.0357061 0.16535 -0.985588 0.588685
0.00344953 0.986232 0.165333 0.00538191
0.999356 0.00250358 -0.0357849 0.0657637
-0 -0 0 1
23 23 0
-0.156668 0.154931 -0.975424 0.599491
0.00900499 0.987803 0.155451 0.00727325
0.98761 0.0155705 -0.156152 0.133321
-0 -0 0 1
24 24 0
-0.256104 0.147591 -0.955315 0.591478
0.00974105 0.988619 0.150125 0.0124647
0.9666 0.0291419 -0.254627 0.192733
-0 -0 0 1
25 25 0
-0.345373 0.139359 -0.928061 0.566522
0.0120903 0.989492 0.144084 0.0139908
0.938388 0.0385424 -0.343429 0.260484
-0 -0 0 1
26 26 0
-0.441664 0.131534 -0.887486 0.545151
0.0111386 0.989922 0.141173 0.0190685
0.897111 0.0524655 -0.438678 0.319565
-0 -0 0 1
27 27 0
-0.464943 0.123619 -0.876667 0.514401
0.00771227 0.990732 0.135613 0.0181351
0.885307 0.0562914 -0.461588 0.367407
-0 -0 0 1
28 28 0
-0.535776 0.115598 -0.83641 0.491997
0.0108968 0.991448 0.130045 0.0200495
0.84429 0.0605608 -0.532454 0.436535
-0 -0 0 1
29 29 0
-0.575657 0.11082 -0.810147 0.452982
0.00926686 0.991594 0.129055 0.0221048
0.817639 0.0667841 -0.571845 0.483323
-0 -0 0 1
30 30 0
-0.64492 0.10405 -0.757134 0.42065
0.00938653 0.991692 0.128289 0.0249256
0.764193 0.0756293 -0.640539 0.531402
-0 -0 0 1
31 31 0
-0.752352 0.0970081 -0.65158 0.378495
0.00950895 0.990594 0.136501 0.0299292
0.658693 0.0965012 -0.746198 0.563862
-0 -0 0 1
32 32 0
-0.814061 0.0840564 -0.574664 0.322845
0.00246134 0.989962 0.141316 0.0293939
0.580774 0.113625 -0.806096 0.588326
-0 -0 0 1
33 33 0
-0.881416 0.0675669 -0.467483 0.269682
-0.0016676 0.989265 0.146126 0.0316337
0.472337 0.129577 -0.871841 0.626678
-0 -0 0 1
34 34 0
-0.916354 0.0507233 -0.397142 0.209836
-0.0104154 0.988586 0.150295 0.0308044
0.400233 0.14186 -0.905367 0.636481
-0 -0 0 1
35 35 0
-0.933539 0.0399966 -0.356236 0.14496
-0.0144229 0.988761 0.14881 0.0299171
0.358184 0.144058 -0.92247 0.658973
-0 -0 0 1
36 36 0
-0.958555 0.026446 -0.283676 0.0929634
-0.0172498 0.988469 0.150439 0.0339616
0.284383 0.149098 -0.947046 0.668648
-0 -0 0 1
37 37 0
-0.979991 0.01143 -0.198712 0.0448141
-0.0196719 0.9879 0.153841 0.0323462
0.198066 0.154672 -0.967908 0.667116
-0 -0 0 1
38 38 0
-0.998601 -0.0138655 -0.0510225 -0.0163671
-0.0218158 0.987081 0.158732 0.0312569
0.0481624 0.159624 -0.986002 0.674226
-0 -0 0 1
39 39 0
-0.998677 -0.0356676 0.0370445 -0.068935
-0.0292626 0.986525 0.160971 0.0282673
-0.0422868 0.159674 -0.986264 0.650587
-0 -0 0 1
40 40 0
-0.991224 -0.0533435 0.120956 -0.131886
-0.0335447 0.986518 0.160175 0.0256987
-0.12787 0.154712 -0.97965 0.630536
-0 -0 0 1
41 41 0
-0.976927 -0.0712624 0.201334 -0.177172
-0.0388684 0.986272 0.160492 0.0241323
-0.210007 0.148964 -0.966285 0.600845
-0 -0 0 1
42 42 0
-0.970044 -0.0794891 0.229554 -0.214048
-0.0440051 0.986815 0.155754 0.0239364
-0.238908 0.140987 -0.960753 0.558923
-0 -0 0 1
43 43 0
-0.940335 -0.09178 0.327637 -0.259246
-0.0408591 0.986424 0.159056 0.0180233
-0.337787 0.136179 -0.931319 0.510862
-0 -0 0 1
44 44 0
-0.903917 -0.106407 0.414261 -0.291073
-0.0433721 0.98637 0.158721 0.0173309
-0.425504 0.125503 -0.896212 0.473449
-0 -0 0 1
45 45 0
-0.8486 -0.1242 0.514249 -0.346993
-0.0450816 0.985493 0.163621 0.0149353
-0.527111 0.115666 -0.841888 0.444543
-0 -0 0 1
46 46 0
-0.801704 -0.139567 0.581198 -0.383429
-0.0494557 0.984512 0.168199 0.0138135
-0.595671 0.106102 -0.79619 0.405353
-0 -0 0 1
47 47 0
-0.749764 -0.153364 0.643687 -0.42831
-0.0527912 0.983534 0.172844 0.00691511
-0.659596 0.095611 -0.745514 0.360192
-0 -0 0 1
48 48 0
-0.708481 -0.158444 0.687713 -0.456566
-0.0555132 0.983964 0.169508 -0.00131238
-0.703543 0.0819161 -0.705916 0.308082
-0 -0 0 1
49 49 0
-0.598623 -0.167064 0.783415 -0.493431
-0.0503528 0.983923 0.171347 -0.00144639
-0.799447 0.0631253 -0.597411 0.258808
-0 -0 0 1
50 50 0
-0.488502 -0.17455 0.854926 -0.504741
-0.0537023 0.983944 0.170207 -0.00354963
-0.870909 0.0372348 -0.490032 0.206026
-0 -0 0 1
51 51 0
-0.349225 -0.182543 0.919086 -0.530394
-0.0538048 0.983129 0.174819 -0.00487158
-0.935493 0.0115999 -0.353155 0.147359
-0 -0 0 1
52 52 0
-0.265031 -0.184191 0.946484 -0.53958
-0.0593222 0.982841 0.174655 -0.00518474
-0.962413 -0.00985862 -0.27141 0.0836334
-0 -0 0 1
53 53 0
-0.148903 -0.186318 0.97114 -0.570295
-0.0571807 0.982068 0.179647 -0.00910858
-0.987197 -0.0287805 -0.156887 0.0205745
-0 -0 0 1
54 54 0
-0.0832297 -0.181729 0.97982 -0.554604
-0.059159 0.982399 0.177182 -0.0127675
-0.994773 -0.0432184 -0.0925156 -0.0432164
-0 -0 0 1
55 55 0
-0.00432292 -0.179557 0.983738 -0.544293
-0.0568258 0.982202 0.179026 -0.0135261
-0.998375 -0.0551278 -0.0144494 -0.117141
-0 -0 0 1
56 56 0
0.101596 -0.174866 0.979337 -0.53888
-0.0521776 0.982139 0.180779 -0.0160711
-0.993456 -0.0694659 0.0906573 -0.176608
-0 -0 0 1
57 57 0
0.254237 -0.164121 0.953115 -0.590849
-0.0490361 0.982041 0.182182 -0.0163064
-0.965898 -0.0930544 0.241624 -0.197099
-0 -0 0 1
58 58 0
0.292945 -0.156703 0.943201 -0.626467
-0.054752 0.98211 0.180173 -0.0159245
-0.95456 -0.104423 0.279124 -0.234758
-0 -0 0 1
59 59 0
0.300865 -0.154115 0.941132 -0.635999
-0.0573256 0.982149 0.179158 -0.0139061
-0.951942 -0.107853 0.28666 -0.277162
-0 -0 0 1
60 60 0
0.194148 -0.16309 0.96732 -0.622227
-0.064948 0.981782 0.178564 -0.00765345
-0.97882 -0.0974934 0.180019 -0.282266
-0 -0 0 1
61 61 0
0.103083 -0.185189 0.977281 -0.582666
-0.0570913 0.979794 0.191687 -0.00737261
-0.993033 -0.0755539 0.090427 -0.301006
-0 -0 0 1
62 62 0
0.0670877 -0.189979 0.979493 -0.537185
-0.0468365 0.980023 0.19329 -0.00880144
-0.996647 -0.0588434 0.0568496 -0.296081
-0 -0 0 1
63 63 0
0.154154 -0.192504 0.969112 -0.488955
-0.028045 0.979589 0.199046 -0.0116269
-0.987649 -0.0578624 0.145609 -0.307361
-0 -0 0 1
64 64 0
0.373477 -0.179218 0.910162 -0.438992
-0.0462802 0.976338 0.211239 -0.0123629
-0.926484 -0.121015 0.356346 -0.328489
-0 -0 0 1
65 65 0
0.490523 -0.162332 0.856175 -0.409471
-0.0514375 0.975389 0.214405 -0.015345
-0.869909 -0.14921 0.470101 -0.372568
-0 -0 0 1
66 66 0
0.610027 -0.142504 0.779461 -0.372378
-0.0522632 0.974317 0.219031 -0.0158724
-0.790655 -0.174352 0.586912 -0.423435
-0 -0 0 1
67 67 0
0.662487 -0.12674 0.738274 -0.327215
-0.0586866 0.973771 0.21983 -0.0172458
-0.746771 -0.188961 0.637673 -0.450778
-0 -0 0 1
68 68 0
0.734213 -0.110526 0.669862 -0.287379
-0.0546257 0.973843 0.220556 -0.0171869
-0.676718 -0.198527 0.708971 -0.515142
-0 -0 0 1
69 69 0
0.784332 -0.0977651 0.612589 -0.246823
-0.0539266 0.973019 0.224333 -0.0173394
-0.617993 -0.208986 0.757898 -0.567953
-0 -0 0 1
70 70 0
0.866768 -0.0783466 0.492518 -0.241237
-0.0445314 0.971479 0.232906 -0.0260773
-0.496719 -0.223808 0.838559 -0.619507
-0 -0 0 1
71 71 0
0.897469 -0.0576853 0.43729 -0.259109
-0.0492396 0.972111 0.229293 -0.0338957
-0.438321 -0.227315 0.869599 -0.631604
-0 -0 0 1
72 72 0
0.950609 -0.0261237 0.309289 -0.235658
-0.0377737 0.979309 0.198814 -0.0376228
-0.308084 -0.200678 0.929953 -0.634463
-0 -0 0 1
73 73 0
0.978729 -0.00448881 0.205109 -0.196253
-0.0345384 0.981886 0.186297 -0.0427111
-0.20223 -0.189418 0.960845 -0.589647
-0 -0 0 1
74 74 0
0.975333 0.0030234 0.220717 -0.135706
-0.0363429 0.98846 0.147057 -0.0485553
-0.217725 -0.151451 0.964188 -0.533527
-0 -0 0 1
75 75 0
0.976715 0.00426256 0.2145 -0.0927815
-0.0258896 0.994838 0.0981174 -0.0447152
-0.212975 -0.101386 0.971783 -0.483426
-0 -0 0 1
76 76 0
0.988483 -0.00316178 0.151299 -0.0346959
-0.00948763 0.99652 0.0828102 -0.0390764
-0.151035 -0.083292 0.985013 -0.461979
-0 -0 0 1
77 77 0
0.999979 -0.00524783 0.00391092 0.0329406
0.00493983 0.997172 0.0749874 -0.032644
-0.00429338 -0.0749665 0.997177 -0.452897
-0 -0 0 1
78 78 0
0.98397 -0.00529841 -0.178256 0.111785
0.0181529 0.997342 0.0705592 -0.0307768
0.177409 -0.072664 0.981451 -0.432739
-0 -0 0 1
79 79 0
0.938647 -0.00132351 -0.344878 0.167169
0.027019 0.997201 0.0697101 -0.0252786
0.34382 -0.0747514 0.936055 -0.402515
-0 -0 0 1
80 80 0
0.890631 -0.00133729 -0.454724 0.223881
0.0346473 0.997288 0.0649281 -0.0243749
0.453404 -0.073582 0.888263 -0.358855
-0 -0 0 1
81 81 0
0.806894 0.000924523 -0.590695 0.261639
0.0421693 0.997357 0.0591646 -0.015155
0.589189 -0.0726488 0.804723 -0.318696
-0 -0 0 1
82 82 0
0.688401 0.00438603 -0.725317 0.271368
0.0484104 0.997474 0.0519783 -0.0112016
0.723713 -0.0708948 0.68645 -0.278863
-0 -0 0 1
83 83 0
0.583834 0.0331182 -0.811197 0.302179
0.0059808 0.998965 0.0450886 -0.00893461
0.811851 -0.0311758 0.583032 -0.254483
-0 -0 0 1
84 84 0
0.541058 0.0309662 -0.840415 0.324447
0.00824311 0.999079 0.0421192 -0.0040326
0.840945 -0.0297166 0.540304 -0.216565
-0 -0 0 1
85 85 0
0.503113 0.0295982 -0.863713 0.354606
0.00817978 0.999205 0.039006 -0.00229145
0.864182 -0.0266894 0.502472 -0.164286
-0 -0 0 1
86 86 0
0.407393 0.0305004 -0.912743 0.379778
0.0114968 0.999192 0.0385207 -0.000526797
0.91318 -0.0261867 0.406713 -0.117736
-0 -0 0 1
87 87 0
0.317686 0.0319286 -0.947658 0.365254
0.0141229 0.999163 0.0383984 -0.00106844
0.948091 -0.0255823 0.31697 -0.0675036
-0 -0 0 1
88 88 0
0.160113 0.03134 -0.986601 0.368647
0.0162206 0.999277 0.034375 0.000377915
0.986965 -0.0215071 0.159489 -0.0165193
-0 -0 0 1
89 89 0
0.0308629 0.0354099 -0.998896 0.35673
0.0145263 0.999251 0.0358713 0.00420728
0.999418 -0.0156173 0.0303254 0.0266604
-0 -0 0 1
90 90 0
-0.0841862 0.0354138 -0.995821 0.359261
0.0128252 0.999324 0.0344542 0.00958368
0.996368 -0.00987103 -0.0845835 0.0759798
-0 -0 0 1
91 91 0
-0.195315 0.0287438 -0.980319 0.401907
0.00954579 0.999579 0.0274066 0.015771
0.980694 -0.004005 -0.195507 0.116242
-0 -0 0 1
92 92 0
-0.275049 0.0288139 -0.960998 0.455225
0.00685633 0.999584 0.0280085 0.0186893
0.961406 0.00111481 -0.275133 0.168267
-0 -0 0 1
93 93 0
-0.33178 0.0546815 -0.941771 0.516489
0.00415244 0.998394 0.0565063 0.023954
0.943348 0.014837 -0.331474 0.204934
-0 -0 0 1
94 94 0
-0.348776 0.0885444 -0.933014 0.569871
0.00310173 0.995631 0.0933274 0.0202385
0.937201 0.0296564 -0.347527 0.261792
-0 -0 0 1
95 95 0
-0.370178 0.100079 -0.923554 0.622301
-0.000639077 0.994152 0.107985 0.0281804
0.928961 0.0405641 -0.367949 0.282388
-0 -0 0 1
96 96 0
-0.347128 0.148584 -0.925973 0.617837
-0.000448963 0.987343 0.1586 0.0321321
0.937818 0.05547 -0.342667 0.321841
-0 -0 0 1
97 97 0
-0.394702 0.165051 -0.903863 0.567766
-0.00249537 0.983537 0.180689 0.030952
0.918806 0.0735739 -0.387792 0.343341
-0 -0 0 1
98 98 0
-0.44473 0.163504 -0.880615 0.503086
-0.00886723 0.982345 0.18687 0.0246608
0.895621 0.0909154 -0.435428 0.34265
-0 -0 0 1
99 99 0
-0.535873 0.149637 -0.830932 0.431845
-0.012735 0.982624 0.185167 0.0195334
0.844202 0.109808 -0.524657 0.347246
-0 -0 0 1
100 100 0
-0.605403 0.129698 -0.785281 0.368657
-0.0251244 0.983028 0.181728 0.0110968
0.795523 0.129748 -0.591869 0.327242
-0 -0 0 1
101 101 0
-0.665633 0.101088 -0.739401 0.308855
-0.0318454 0.986033 0.163475 -0.00508713
0.7456 0.132361 -0.653117 0.345174
-0 -0 0 1
102 102 0
-0.729166 0.0660954 -0.681138 0.245685
-0.0384281 0.9898 0.137185 -0.00738133
0.683257 0.126205 -0.719188 0.36172
-0 -0 0 1
103 103 0
-0.795857 0.0293219 -0.604775 0.188497
-0.0411639 0.993896 0.102358 -0.00650684
0.604084 0.106357 -0.789791 0.378133
-0 -0 0 1
104 104 0
-0.901225 -0.0120028 -0.433185 0.121623
-0.0449246 0.996818 0.0658439 -0.000920891
0.431016 0.0788008 -0.898897 0.382388
-0 -0 0 1
105 105 0
-0.962004 -0.0323082 -0.271119 0.0478844
-0.0502705 0.996958 0.0595697 -0.00537124
0.268369 0.0709355 -0.960701 0.380155
-0 -0 0 1
106 106 0
-0.993119 -0.0466861 -0.107405 -0.0185201
-0.052825 0.997086 0.0550381 -0.0040807
0.104523 0.060333 -0.992691 0.386608
-0 -0 0 1
107 107 0
-0.998471 -0.0548308 0.00704779 -0.0816128
-0.0544199 0.997307 0.0491659 -0.00846789
-0.00972462 0.0487072 -0.998766 0.36171
-0 -0 0 1
108 108 0
-0.991554 -0.0567941 0.116596 -0.147809
-0.0521685 0.99774 0.04235 -0.0130009
-0.118737 0.0359097 -0.992276 0.340824
-0 -0 0 1
109 109 0
-0.963057 -0.0602854 0.262465 -0.191638
-0.0516736 0.997879 0.0395975 -0.015748
-0.264295 0.0245722 -0.964129 0.30521
-0 -0 0 1
110 110 0
-0.912156 -0.060107 0.405412 -0.242264
-0.0515508 0.998158 0.0320018 -0.0184003
-0.406588 0.00829139 -0.913574 0.280671
-0 -0 0 1
111 111 0
-0.834045 -0.058595 0.548575 -0.279401
-0.0524011 0.998262 0.0269575 -0.0157163
-0.549202 -0.00626219 -0.835666 0.247726
-0 -0 0 1
112 112 0
-0.746935 -0.0511709 0.662926 -0.309283
-0.0524538 0.998462 0.0179697 -0.0143244
-0.662825 -0.0213508 -0.74847 0.212817
-0 -0 0 1
113 113 0
-0.634209 -0.0384214 0.772206 -0.348074
-0.0496588 0.998727 0.00890743 -0.0122161
-0.771565 -0.0326976 -0.63531 0.203315
-0 -0 0 1
114 114 0
-0.613537 -0.0295903 0.789111 -0.379356
-0.0480077 0.998847 0.000128853 -8.85837e-05
-0.788205 -0.0378044 -0.61425 0.228658
-0 -0 0 1
115 115 0
-0.644251 -0.0226368 0.764479 -0.429542
-0.0396631 0.999206 -0.00383815 0.00876347
-0.763785 -0.0327944 -0.644638 0.226211
-0 -0 0 1
116 116 0
-0.675327 -0.0222119 0.737184 -0.457203
-0.0320919 0.999485 0.000716072 0.0168224
-0.73682 -0.0231741 -0.675692 0.240197
-0 -0 0 1
117 117 0
-0.695387 -0.0486381 0.716988 -0.507555
-0.0268934 0.998769 0.0416701 0.0206916
-0.718132 0.00969456 -0.695839 0.23965
-0 -0 0 1
118 118 0
-0.651933 -0.102825 0.751273 -0.544945
-0.030329 0.993506 0.109661 0.0250205
-0.75767 0.0487062 -0.650818 0.268833
-0 -0 0 1
119 119 0
-0.654525 -0.162257 0.738424 -0.571439
-0.0392047 0.982669 0.181176 0.0334175
-0.755023 0.0896342 -0.649543 0.291802
-0 -0 0 1
120 120 0
-0.654902 -0.194122 0.730357 -0.596605
-0.0481124 0.975195 0.216056 0.0175102
-0.754181 0.106356 -0.647996 0.294909
-0 -0 0 1
121 121 0
-0.672557 -0.195848 0.71366 -0.600447
-0.0575041 0.975261 0.213446 -0.00616033
-0.737808 0.102516 -0.667181 0.300745
-0 -0 0 1
122 122 0
-0.698388 -0.177974 0.693238 -0.596645
-0.0634161 0.980168 0.187749 -0.0246475
-0.712904 0.0871594 -0.695824 0.297946
-0 -0 0 1
123 123 0
-0.695643 -0.141407 0.704333 -0.571275
-0.0617387 0.988576 0.137496 -0.0197177
-0.71573 0.0521638 -0.696426 0.270146
-0 -0 0 1
124 124 0
-0.624099 -0.128485 0.770709 -0.551402
-0.0586891 0.991309 0.117736 -0.0154718
-0.779138 0.028247 -0.626216 0.21653
-0 -0 0 1
125 125 0
-0.534516 -0.12456 0.835929 -0.509238
-0.0646828 0.992208 0.106487 -0.0143688
-0.842679 0.00284877 -0.538408 0.160243
-0 -0 0 1
126 126 0
-0.443917 -0.124197 0.887419 -0.490306
-0.0694681 0.992138 0.104102 -0.013743
-0.893371 -0.0154345 -0.449055 0.091086
-0 -0 0 1
127 127 0
-0.335472 -0.122463 0.934057 -0.452254
-0.075811 0.991808 0.102807 -0.0157562
-0.938995 -0.0363231 -0.342008 0.0318695
-0 -0 0 1
128 128 0
-0.190614 -0.117568 0.974599 -0.443339
-0.0791182 0.991413 0.104122 -0.0171657
-0.978472 -0.0572614 -0.198279 -0.0337307
-0 -0 0 1
129 129 0
-0.0495327 -0.114053 0.992239 -0.400748
-0.0837374 0.990435 0.109665 -0.0210336
-0.995256 -0.0776555 -0.0586094 -0.0793901
-0 -0 0 1
130 130 0
0.112793 -0.101906 0.988379 -0.357611
-0.0835145 0.990235 0.111628 -0.0286304
-0.990103 -0.0951348 0.103181 -0.130804
-0 -0 0 1
131 131 0
0.330452 -0.0851921 0.93997 -0.310483
-0.0809177 0.989694 0.118146 -0.0342644
-0.940348 -0.115102 0.320153 -0.163209
-0 -0 0 1
132 132 0
0.492057 -0.0351996 0.869851 -0.261969
-0.0778148 0.993404 0.0842176 -0.042981
-0.867078 -0.109127 0.486072 -0.198415
-0 -0 0 1
133 133 0
0.658491 -0.0107569 0.752511 -0.208474
-0.0724493 0.994348 0.0776113 -0.041021
-0.749093 -0.105625 0.65399 -0.232691
-0 -0 0 1
134 134 0
0.760802 0.00239978 0.64898 -0.151804
-0.0652007 0.995216 0.0727549 -0.0405488
-0.645701 -0.097666 0.757319 -0.25048
-0 -0 0 1
135 135 0
0.89511 0.0151186 0.445589 -0.100542
-0.0508304 0.996369 0.0683032 -0.0371443
-0.442938 -0.0837883 0.892628 -0.286928
-0 -0 0 1
136 136 0
0.95372 0.0196573 0.300053 -0.0488513
-0.0394095 0.997425 0.0599192 -0.0352066
-0.298103 -0.0689711 0.952039 -0.292864
-0 -0 0 1
137 137 0
0.995264 0.0191888 0.0952993 0.0216773
-0.0243167 0.998302 0.0529412 -0.0314365
-0.0941216 -0.0550078 0.99404 -0.303335
-0 -0 0 1
138 138 0
0.998377 0.0172698 -0.0542653 0.0745075
-0.0147745 0.99883 0.046052 -0.0279398
0.0549971 -0.0451755 0.997464 -0.287043
-0 -0 0 1
139 139 0
0.968151 0.0103704 -0.250153 0.135518
-0.00123037 0.999327 0.0366664 -0.027058
0.250365 -0.0351908 0.967512 -0.281028
-0 -0 0 1
140 140 0
0.888133 0.00606977 -0.459546 0.170381
0.00877091 0.999507 0.0301526 -0.0210421
0.459503 -0.0308101 0.887642 -0.249644
-0 -0 0 1
141 141 0
0.798775 0.000486114 -0.60163 0.208275
0.0164801 0.999607 0.022688 -0.0256519
0.601405 -0.0280375 0.798452 -0.214936
-0 -0 0 1
142 142 0
0.708453 0.000291603 -0.705757 0.242178
0.0225103 0.999482 0.0230093 -0.0246125
0.705398 -0.0321878 0.70808 -0.184985
-0 -0 0 1
143 143 0
0.566891 0.000687775 -0.823792 0.258711
0.0264967 0.999467 0.0190681 -0.0226867
0.823366 -0.0326373 0.566571 -0.134291
-0 -0 0 1
144 144 0
0.369868 -0.00100563 -0.929084 0.291142
0.0283861 0.999545 0.0102186 -0.0181585
0.928651 -0.0301526 0.369728 -0.0825559
-0 -0 0 1
145 145 0
0.245314 -0.00308832 -0.969439 0.28095
0.0297544 0.999548 0.00434503 -0.0138651
0.968987 -0.0299109 0.245295 -0.0360677
-0 -0 0 1
146 146 0
0.151077 -0.00740054 -0.988494 0.265361
0.0288086 0.99958 -0.00308057 0.00614944
0.988102 -0.0280117 0.151227 0.00761854
-0 -0 0 1
147 147 0
0.160657 -0.0153276 -0.986891 0.26233
0.0294398 0.999509 -0.010731 0.0233297
0.986571 -0.0273299 0.161029 0.0158146
-0 -0 0 1
148 148 0
0.132414 -0.0374414 -0.990487 0.274651
0.0299112 0.998982 -0.0337638 0.0264828
0.990743 -0.0251558 0.133399 0.00834242
-0 -0 0 1
149 149 0
-0.0107134 -0.0782171 -0.996879 0.275545
0.0251847 0.996599 -0.0784658 0.0290319
0.999625 -0.0259467 -0.0087071 3.21164e-05
-0 -0 0 1
150 150 0
-0.116103 -0.0841527 -0.989666 0.27694
0.0251532 0.995836 -0.0876282 0.0285862
0.992919 -0.0350672 -0.113503 1.206e-05
-0 -0 0 1
151 151 0
-0.105165 -0.0903112 -0.990346 0.276802
0.0336308 0.994975 -0.0943046 0.0287369
0.993886 -0.0432236 -0.101599 0.00214624
-0 -0 0 1
