0 0 0
0.191178 -0.0561232 0.97995 -0.943293
0.0133187 -0.998124 -0.0597624 0.00807854
0.981465 0.0244769 -0.190072 0.135622
-0 -0 0 1
1 1 0
0.149047 -0.0526273 0.987429 -0.944199
0.00992047 -0.998453 -0.0547123 0.00923427
0.98878 0.0179505 -0.148294 0.14194
-0 -0 0 1
2 2 0
0.0906118 -0.0455649 0.994843 -0.940913
0.00757324 -0.998892 -0.0464401 0.00846398
0.995857 0.0117422 -0.0901664 0.144116
-0 -0 0 1
3 3 0
0.0408542 -0.0410856 0.99832 -0.93848
0.00394314 -0.99914 -0.0412807 0.0099872
0.999157 0.00562301 -0.0406571 0.14672
-0 -0 0 1
4 4 0
-0.0127557 -0.0338025 0.999347 -0.938356
0.00122605 -0.999428 -0.0337896 0.00679604
0.999918 0.00079424 0.0127898 0.137318
-0 -0 0 1
5 5 0
-0.0741007 -0.0286721 0.996839 -0.915337
-0.00188123 -0.999581 -0.0288908 0.0124374
0.997249 -0.00401612 0.0740157 0.124355
-0 -0 0 1
6 6 0
-0.12799 0.00534905 0.991761 -0.896237
-0.00221533 -0.999985 0.00510751 0.0145139
0.991773 -0.00154337 0.128 0.103721
-0 -0 0 1
7 7 0
-0.180362 0.0518434 0.982233 -0.876587
-0.00438836 -0.998642 0.0519036 0.0140702
0.98359 0.00505106 0.180345 0.0710926
-0 -0 0 1
8 8 0
-0.229118 0.0631899 0.971345 -0.853675
-0.0088712 -0.997985 0.0628304 0.016258
0.973358 0.0057786 0.229217 0.0404156
-0 -0 0 1
9 9 0
-0.269577 0.0715093 0.96032 -0.851708
-0.0132457 -0.99742 0.0705537 0.0170033
0.962888 0.0062995 0.269829 -0.00589197
-0 -0 0 1
10 10 0
-0.278511 0.0707681 0.957822 -0.835001
-0.0168455 -0.997488 0.0688006 0.0155951
0.960285 0.00302675 0.279004 -0.0479874
-0 -0 0 1
11 11 0
-0.327317 0.0762421 0.941834 -0.821293
-0.020809 -0.997079 0.0734825 0.0140159
0.944686 0.00445342 0.327947 -0.0920915
-0 -0 0 1
12 12 0
-0.379453 0.0750719 0.92216 -0.788978
-0.0241132 -0.997167 0.0712559 0.0125189
0.924897 0.00480204 0.380188 -0.134089
-0 -0 0 1
13 13 0
-0.430163 0.0815242 0.899062 -0.768314
-0.0269141 -0.996629 0.0774941 0.0140308
0.90235 0.00913767 0.430908 -0.181706
-0 -0 0 1
14 14 0
-0.475683 0.131051 0.8698 -0.752466
-0.0297286 -0.990669 0.133004 0.023507
0.879114 0.03741 0.47514 -0.21235
-0 -0 0 1
15 15 0
-0.520631 0.235889 0.820549 -0.743136
-0.0318565 -0.965773 0.257425 0.0304671
0.853188 0.107883 0.510326 -0.238669
-0 -0 0 1
16 16 0
-0.562658 0.276912 0.778933 -0.739149
-0.0374749 -0.949806 0.310588 0.0321755
0.82584 0.145564 0.544793 -0.279417
-0 -0 0 1
17 17 0
-0.601064 0.30617 0.738229 -0.724569
-0.044404 -0.935076 0.351655 0.0318729
0.797966 0.178587 0.575636 -0.313335
-0 -0 0 1
18 18 0
-0.622127 0.316928 0.715901 -0.710896
-0.05121 -0.928918 0.366728 0.0245754
0.78124 0.19149 0.594135 -0.356588
-0 -0 0 1
19 19 0
-0.643358 0.313899 0.698254 -0.686377
-0.0618298 -0.930401 0.361291 0.0179621
0.763065 0.189266 0.617989 -0.39602
-0 -0 0 1
20 20 0
-0.668561 0.298708 0.681028 -0.659081
-0.0741453 -0.937994 0.338629 0.00964436
0.739952 0.175899 0.649254 -0.435859
-0 -0 0 1
21 21 0
-0.702535 0.269105 0.658808 -0.622436
-0.0853739 -0.950931 0.29739 0.00617094
0.70651 0.152682 0.691037 -0.471634
-0 -0 0 1
22 22 0
-0.735307 0.240758 0.633529 -0.602375
-0.09271 -0.96172 0.257875 -2.35923e-05
0.671363 0.130883 0.72948 -0.505426
-0 -0 0 1
23 23 0
-0.768401 0.198052 0.608552 -0.568868
-0.0932654 -0.975412 0.199682 -0.00264379
0.633136 0.0966789 0.767979 -0.543517
-0 -0 0 1
24 24 0
-0.797583 0.180395 0.575603 -0.526836
-0.0855744 -0.978422 0.188064 -0.00528746
0.597108 0.100739 0.79581 -0.581031
-0 -0 0 1
25 25 0
-0.825955 0.126319 0.549401 -0.489172
-0.0792253 -0.99091 0.108725 -0.0105464
0.558141 0.0462759 0.828455 -0.614201
-0 -0 0 1
26 26 0
-0.853529 0.0829808 0.514396 -0.449466
-0.0676357 -0.996529 0.0485303 -0.00742861
0.516637 0.00663047 0.856179 -0.643268
-0 -0 0 1
27 27 0
-0.869614 0.0621654 0.489802 -0.404434
-0.054991 -0.998064 0.0290404 0.0216228
0.49066 -0.00168077 0.87135 -0.6561
-0 -0 0 1
28 28 0
-0.881851 0.036884 0.470084 -0.35256
-0.0419967 -0.999118 -0.000390031 0.0270352
0.469655 -0.0200859 0.882622 -0.676858
-0 -0 0 1
29 29 0
-0.890615 0.011231 0.45462 -0.305864
-0.0317532 -0.998791 -0.0375312 0.0386737
0.453648 -0.0478615 0.889895 -0.686711
-0 -0 0 1
30 30 0
-0.909088 0.00267123 0.416595 -0.250424
-0.0201917 -0.999087 -0.0376559 0.039832
0.416114 -0.0426443 0.908312 -0.716191
-0 -0 0 1
31 31 0
-0.928378 -0.00161541 0.371634 -0.204234
-0.0121265 -0.999326 -0.0346372 0.0449551
0.37144 -0.036663 0.927733 -0.737935
-0 -0 0 1
32 32 0
-0.945852 0.0086625 0.324483 -0.161994
-0.00399626 -0.999879 0.0150442 0.0536122
0.324574 0.0129328 0.945772 -0.759747
-0 -0 0 1
33 33 0
-0.961151 0.0241985 0.274961 -0.110321
0.00151011 -0.995674 0.0929049 0.055992
0.27602 0.0897109 0.956956 -0.763373
-0 -0 0 1
34 34 0
-0.974442 0.0262437 0.2231 -0.0630098
0.00447321 -0.990689 0.136075 0.0607826
0.224594 0.133595 0.965251 -0.780226
-0 -0 0 1
35 35 0
-0.985381 0.0221099 0.168924 -0.00981449
0.00404448 -0.988227 0.152938 0.0614959
0.170316 0.151386 0.973691 -0.774799
-0 -0 0 1
36 36 0
-0.992782 0.0174412 0.118659 0.0383475
0.00214824 -0.986625 0.162994 0.0604445
0.119915 0.162072 0.979466 -0.789822
-0 -0 0 1
37 37 0
-0.997837 0.0124357 0.0645548 0.0914093
-0.00120935 -0.985252 0.171103 0.0562101
0.0657306 0.170655 0.983136 -0.799369
-0 -0 0 1
38 38 0
-0.999969 0.00547312 0.00563471 0.142159
-0.00440454 -0.984609 0.174717 0.0404514
0.00650423 0.174686 0.984603 -0.819422
-0 -0 0 1
39 39 0
-0.998555 -0.00159224 -0.0537083 0.199665
-0.00771476 -0.984956 0.172634 0.0278651
-0.0531752 0.172799 0.983521 -0.834474
-0 -0 0 1
40 40 0
-0.994015 -0.00886813 -0.108881 0.259056
-0.00954752 -0.985833 0.167456 0.0120382
-0.108824 0.167494 0.979849 -0.842212
-0 -0 0 1
41 41 0
-0.986982 -0.0148917 -0.160141 0.314469
-0.0108554 -0.987265 0.158711 0.00167613
-0.160465 0.158383 0.974251 -0.835359
-0 -0 0 1
42 42 0
-0.977821 -0.00988501 -0.209211 0.372428
-0.01241 -0.994396 0.104987 -0.000702171
-0.209076 0.105255 0.972218 -0.827836
-0 -0 0 1
43 43 0
-0.966091 0.00987371 -0.258011 0.429359
-0.0146635 -0.999754 0.0166466 0.00998298
-0.257783 0.0198654 0.965999 -0.823972
-0 -0 0 1
44 44 0
-0.951909 0.0166086 -0.30593 0.488011
-0.0119105 -0.999781 -0.0172173 0.0208751
-0.306149 -0.0127455 0.951898 -0.818722
-0 -0 0 1
45 45 0
-0.93436 0.00744593 -0.356252 0.547082
-0.00595452 -0.999968 -0.00528285 0.0337707
-0.35628 -0.00281478 0.934375 -0.813268
-0 -0 0 1
46 46 0
-0.914755 -0.00995615 -0.403885 0.609272
-0.000271148 -0.999681 0.0252572 0.0358758
-0.404008 0.0232137 0.914461 -0.808482
-0 -0 0 1
47 47 0
-0.891555 -0.0493169 -0.45022 0.672292
0.00612992 -0.995277 0.0968832 0.037991
-0.452872 0.0836169 0.887646 -0.803465
-0 -0 0 1
48 48 0
-0.862772 -0.0812406 -0.499024 0.729252
0.0102232 -0.989607 0.143432 0.0409367
-0.50549 0.118648 0.854636 -0.775045
-0 -0 0 1
49 49 0
-0.830591 -0.0935893 -0.548963 0.779629
0.0098747 -0.988097 0.153514 0.0392285
-0.556796 0.122086 0.821628 -0.752254
-0 -0 0 1
50 50 0
-0.786895 -0.106556 -0.607817 0.819092
0.00739515 -0.986536 0.163375 0.0342222
-0.617042 0.124064 0.777089 -0.706634
-0 -0 0 1
51 51 0
-0.741913 -0.116178 -0.660354 0.857285
0.00505018 -0.985814 0.167764 0.0337076
-0.670477 0.121131 0.731975 -0.663902
-0 -0 0 1
52 52 0
-0.690172 -0.120777 -0.713495 0.888125
0.00226889 -0.98633 0.164766 0.0348546
-0.723642 0.112098 0.681011 -0.606457
-0 -0 0 1
53 53 0
-0.638952 -0.123638 -0.759246 0.931896
4.08156e-05 -0.987004 0.160693 0.0286458
-0.769247 0.102644 0.630653 -0.552544
-0 -0 0 1
54 54 0
-0.591481 -0.122528 -0.796955 0.970329
-0.0019234 -0.988169 0.153354 0.0195295
-0.806316 0.092239 0.584248 -0.502421
-0 -0 0 1
55 55 0
-0.546962 -0.0905647 -0.832245 1.00946
-0.00367844 -0.993862 0.110569 0.00954444
-0.83715 0.0635386 0.543271 -0.445149
-0 -0 0 1
56 56 0
-0.496417 -0.0492804 -0.866684 1.04712
-0.00548541 -0.998189 0.0598998 0.00693642
-0.868067 0.0344894 0.495248 -0.388295
-0 -0 0 1
57 57 0
-0.444086 -0.0369355 -0.895222 1.08594
-0.00386784 -0.999062 0.0431384 0.00572749
-0.895976 0.0226197 0.443527 -0.319584
-0 -0 0 1
58 58 0
-0.390455 -0.0333077 -0.920019 1.12414
-0.00103058 -0.999329 0.0366163 0.00570318
-0.920621 0.0152452 0.390159 -0.248746
-0 -0 0 1
59 59 0
-0.337272 -0.0280555 -0.940989 1.15313
0.0016514 -0.999572 0.0292103 0.00883949
-0.941406 0.00829787 0.337174 -0.176379
-0 -0 0 1
60 60 0
-0.280369 -0.0241403 -0.959589 1.18663
0.00456108 -0.999706 0.0238169 0.00305918
-0.959881 0.00230077 0.280397 -0.10719
-0 -0 0 1
61 61 0
-0.209918 -0.00347925 -0.977713 1.20698
0.00716887 -0.999972 0.00201929 0.00534963
-0.977693 -0.00658521 0.209937 -0.0299376
-0 -0 0 1
62 62 0
-0.118066 -0.00163304 -0.993004 1.22423
0.00959433 -0.999954 0.000503729 0.00476275
-0.992959 -0.00946773 0.118076 0.0504353
-0 -0 0 1
63 63 0
-0.0521229 0.000375594 -0.998641 1.24025
0.0123472 -0.999923 -0.00102052 0.0110495
-0.998564 -0.0123836 0.0521143 0.130098
-0 -0 0 1
64 64 0
0.00439078 0.00199301 -0.999988 1.23758
0.013956 -0.999901 -0.00193156 0.0231144
-0.999893 -0.0139473 -0.00441816 0.195353
-0 -0 0 1
65 65 0
0.0606092 -0.0431476 -0.997229 1.24368
0.0165271 -0.998885 0.0442237 0.0180421
-0.998025 -0.0191617 -0.0598285 0.26169
-0 -0 0 1
66 66 0
0.114528 -0.139384 -0.983593 1.23595
0.0198034 -0.989591 0.142539 0.0116618
-0.993223 -0.0358032 -0.110575 0.324853
-0 -0 0 1
67 67 0
0.165042 -0.157672 -0.973602 1.23216
0.0182279 -0.986483 0.162848 0.00380221
-0.986118 -0.0446235 -0.159937 0.386766
-0 -0 0 1
68 68 0
0.217059 -0.153404 -0.964029 1.21964
0.0138892 -0.986989 0.160185 0.00058729
-0.97606 -0.0481591 -0.212104 0.44364
-0 -0 0 1
69 69 0
0.273996 -0.13192 -0.95264 1.2047
0.00804659 -0.990198 0.139435 0.000404743
-0.961697 -0.0458703 -0.270249 0.50176
-0 -0 0 1
70 70 0
0.352161 -0.107657 -0.929727 1.18964
-0.000198945 -0.993371 0.114951 -0.00259242
-0.935939 -0.0402964 -0.349848 0.559476
-0 -0 0 1
71 71 0
0.477466 -0.0837853 -0.874646 1.16886
-0.00980226 -0.995889 0.0900485 -0.00467969
-0.878596 -0.0344216 -0.476324 0.615349
-0 -0 0 1
72 72 0
0.602859 -0.0754874 -0.794269 1.15003
-0.0170104 -0.996504 0.0817967 -0.00995901
-0.797666 -0.0358011 -0.602035 0.673814
-0 -0 0 1
73 73 0
0.699804 -0.0615853 -0.711675 1.1199
-0.0203082 -0.997589 0.0663577 -0.013428
-0.714046 -0.0319846 -0.699368 0.723573
-0 -0 0 1
74 74 0
0.749924 -0.035281 -0.660583 1.08778
-0.0203941 -0.999335 0.0302211 -0.0157662
-0.66121 -0.00919147 -0.750144 0.785462
-0 -0 0 1
75 75 0
0.782672 -0.0102693 -0.622349 1.04848
-0.0185598 -0.999804 -0.00684324 -0.0167516
-0.622157 0.0169067 -0.78271 0.837468
-0 -0 0 1
76 76 0
0.812515 -0.00101189 -0.582939 1.01723
-0.0156853 -0.999674 -0.0201272 -0.0124004
-0.582729 0.0254972 -0.812266 0.887961
-0 -0 0 1
77 77 0
0.838055 -0.00265162 -0.545579 0.997259
-0.0141157 -0.999759 -0.0168239 -0.00855619
-0.545403 0.0218006 -0.83789 0.919517
-0 -0 0 1
78 78 0
0.864171 -0.0223559 -0.502702 0.973703
-0.0105149 -0.999597 0.026378 -0.0114587
-0.503089 -0.0175092 -0.864057 0.945696
-0 -0 0 1
79 79 0
0.888061 -0.0426972 -0.457738 0.943241
-0.00817181 -0.996987 0.0771435 -0.0168973
-0.459652 -0.0647676 -0.885734 0.976918
-0 -0 0 1
80 80 0
0.911032 -0.0605293 -0.407869 0.903461
-0.00623989 -0.991077 0.133142 -0.0207898
-0.412289 -0.118751 -0.903281 1.0096
-0 -0 0 1
81 81 0
0.9312 -0.0633774 -0.358958 0.850727
-0.00703144 -0.987709 0.156148 -0.00643376
-0.364442 -0.142881 -0.920199 1.0443
-0 -0 0 1
82 82 0
0.946872 -0.0581857 -0.316303 0.79278
-0.0099764 -0.988339 0.151945 0.0129083
-0.321455 -0.140717 -0.936411 1.06515
-0 -0 0 1
83 83 0
0.962174 -0.0552417 -0.266775 0.742935
-0.01552 -0.98875 0.148767 0.0147386
-0.271992 -0.139 -0.952208 1.09581
-0 -0 0 1
84 84 0
0.974917 -0.0507512 -0.216705 0.686965
-0.0202922 -0.989868 0.140531 0.0149814
-0.221641 -0.132609 -0.966069 1.11697
-0 -0 0 1
85 85 0
0.986631 -0.0462245 -0.15628 0.625289
-0.0253967 -0.990827 0.132732 0.0169773
-0.160982 -0.126988 -0.978754 1.14478
-0 -0 0 1
86 86 0
0.994396 -0.0413755 -0.0972891 0.557349
-0.0289945 -0.991683 0.125393 0.0121533
-0.101668 -0.12187 -0.987325 1.15124
-0 -0 0 1
87 87 0
0.998357 -0.0380999 -0.0428072 0.494354
-0.0324662 -0.99158 0.12536 0.0112342
-0.047223 -0.123764 -0.991187 1.15666
-0 -0 0 1
88 88 0
0.999382 -0.0341525 0.00827299 0.425785
-0.0349141 -0.991708 0.123678 0.00562682
0.00398046 -0.123891 -0.992288 1.17133
-0 -0 0 1
89 89 0
0.998177 -0.0292928 0.0527639 0.355174
-0.0355851 -0.991822 0.122565 -0.00471376
0.0487421 -0.124219 -0.991057 1.18816
-0 -0 0 1
90 90 0
0.998328 -0.0274685 0.0508615 0.289043
-0.0334158 -0.992206 0.120042 -0.0114604
0.0471678 -0.12154 -0.991465 1.19457
-0 -0 0 1
91 91 0
0.996043 -0.0284271 0.084207 0.224418
-0.0368025 -0.994343 0.0996418 -0.0140143
0.0808981 -0.102346 -0.991454 1.18827
-0 -0 0 1
92 92 0
0.989421 -0.0252712 0.142857 0.158913
-0.0395414 -0.994405 0.0979524 -0.0152679
0.139583 -0.102565 -0.984884 1.18444
-0 -0 0 1
93 93 0
0.979383 -0.0217039 0.200842 0.0934835
-0.0421441 -0.994287 0.0980641 -0.0175489
0.197566 -0.104507 -0.974703 1.17438
-0 -0 0 1
94 94 0
0.965433 -0.0175242 0.260062 0.0332161
-0.04374 -0.994481 0.0953642 -0.0189089
0.256955 -0.103443 -0.960871 1.16685
-0 -0 0 1
95 95 0
0.944205 -0.0141292 0.329055 -0.0272243
-0.0446033 -0.995361 0.0852471 -0.0180987
0.326324 -0.0951677 -0.940455 1.14299
-0 -0 0 1
96 96 0
0.919079 -0.0109313 0.393921 -0.0966937
-0.0442567 -0.996154 0.0756146 -0.00385216
0.39158 -0.0869295 -0.916029 1.11986
-0 -0 0 1
97 97 0
0.892366 -0.00732579 0.451253 -0.164228
-0.0429964 -0.9967 0.0688459 0.0122862
0.44926 -0.080838 -0.889736 1.08377
-0 -0 0 1
98 98 0
0.867099 -0.00776889 0.498076 -0.224349
-0.0424501 -0.997394 0.0583442 0.0279992
0.496324 -0.0717335 -0.865169 1.0589
-0 -0 0 1
99 99 0
0.83797 -0.0109412 0.545607 -0.278232
-0.0422138 -0.998103 0.0448187 0.0385524
0.544082 -0.0605889 -0.836842 1.02824
-0 -0 0 1
100 100 0
0.803592 -0.00414244 0.595167 -0.331108
-0.0414401 -0.997938 0.0490065 0.040191
0.593737 -0.064045 -0.802107 1.0035
-0 -0 0 1
101 101 0
0.767099 0.00833128 0.641474 -0.381857
-0.0415136 -0.997175 0.0625946 0.0384232
0.640184 -0.0746462 -0.764587 0.974428
-0 -0 0 1
102 102 0
0.727782 0.0444582 0.684366 -0.431107
-0.0395164 -0.99352 0.106565 0.0312474
0.684669 -0.1046 -0.72131 0.93695
-0 -0 0 1
103 103 0
0.685857 0.128129 0.716368 -0.484195
-0.0378451 -0.976767 0.210938 0.023498
0.726751 -0.171784 -0.665073 0.898635
-0 -0 0 1
104 104 0
0.64215 0.184821 0.743965 -0.534368
-0.039668 -0.961189 0.273024 0.0171567
0.765552 -0.204834 -0.609896 0.853534
-0 -0 0 1
105 105 0
0.594207 0.200924 0.778812 -0.58411
-0.0466691 -0.958051 0.282772 0.0143701
0.802957 -0.204371 -0.559903 0.817022
-0 -0 0 1
106 106 0
0.540383 0.204179 0.81627 -0.62365
-0.0549092 -0.959486 0.276353 0.0149934
0.839626 -0.194157 -0.507279 0.767308
-0 -0 0 1
107 107 0
0.485396 0.205947 0.849692 -0.6716
-0.0618459 -0.961338 0.268338 0.0146787
0.872104 -0.1828 -0.453892 0.716899
-0 -0 0 1
108 108 0
0.441335 0.161083 0.882766 -0.710156
-0.0684513 -0.974846 0.212107 0.0173034
0.894728 -0.154037 -0.419208 0.667172
-0 -0 0 1
109 109 0
0.391766 0.145886 0.908425 -0.753986
-0.0732193 -0.979274 0.188841 0.0139447
0.917147 -0.140496 -0.372964 0.612714
-0 -0 0 1
110 110 0
0.399766 0.141721 0.905595 -0.790008
-0.0691246 -0.980501 0.183958 0.0146811
0.914007 -0.136139 -0.382174 0.549686
-0 -0 0 1
111 111 0
0.428022 0.130646 0.894276 -0.824756
-0.0684105 -0.981974 0.1762 0.01749
0.901176 -0.136595 -0.411369 0.488365
-0 -0 0 1
112 112 0
0.453852 0.0824547 0.887254 -0.850888
-0.0712153 -0.989168 0.128354 0.0174968
0.888227 -0.12144 -0.443064 0.42838
-0 -0 0 1
113 113 0
0.40171 0.0348042 0.915105 -0.862162
-0.0814308 -0.993962 0.0735496 0.0238467
0.912139 -0.104063 -0.396451 0.375454
-0 -0 0 1
114 114 0
0.310477 0.0424912 0.949631 -0.86803
-0.0856594 -0.993685 0.0724684 0.0237015
0.946714 -0.103845 -0.304877 0.345193
-0 -0 0 1
115 115 0
0.0350809 0.0554594 0.997844 -0.892778
-0.0906181 -0.99417 0.058441 0.0322259
0.995268 -0.092473 -0.0298508 0.327932
-0 -0 0 1
116 116 0
-0.120639 0.0544499 0.991202 -0.910976
-0.078843 -0.995866 0.0451101 0.0473571
0.98956 -0.0727073 0.124434 0.297206
-0 -0 0 1
117 117 0
-0.184796 0.0511349 0.981446 -0.930647
-0.0628638 -0.997215 0.0401199 0.0533248
0.980764 -0.0542834 0.187496 0.249659
-0 -0 0 1
118 118 0
-0.275302 0.0493424 0.960091 -0.943503
-0.0511069 -0.998021 0.0366371 0.043924
0.959999 -0.038981 0.277278 0.183833
-0 -0 0 1
119 119 0
-0.327658 0.041837 0.94387 -0.954633
-0.0410963 -0.998705 0.0300013 0.0364221
0.943902 -0.0289594 0.328953 0.117725
-0 -0 0 1
120 120 0
-0.348918 0.032371 0.936594 -0.940401
-0.0330093 -0.999208 0.0222378 0.0328316
0.936572 -0.0231571 0.34971 0.0616939
-0 -0 0 1
121 121 0
-0.283528 0.025167 0.958634 -0.933158
-0.0241443 -0.999526 0.0190995 0.0261574
0.95866 -0.0177302 0.284001 -0.00793485
-0 -0 0 1
122 122 0
-0.255144 0.0240202 0.966605 -0.944612
-0.0216582 -0.999583 0.0191229 0.0175957
0.96666 -0.0160558 0.255558 -0.0728434
-0 -0 0 1
123 123 0
-0.276508 0.0270732 0.96063 -0.959872
-0.020043 -0.999548 0.0224009 0.0112251
0.960803 -0.0130599 0.276926 -0.12586
-0 -0 0 1
124 124 0
-0.322395 0.0320569 0.946062 -0.949662
-0.0183776 -0.99945 0.0276033 0.00897421
0.946427 -0.00848719 0.322807 -0.177363
-0 -0 0 1
125 125 0
-0.378874 0.0367424 0.924718 -0.923118
-0.0149132 -0.999324 0.0335965 0.00305845
0.925328 -0.00106164 0.379166 -0.238887
-0 -0 0 1
126 126 0
-0.438295 0.0444114 0.897733 -0.893917
-0.0114769 -0.998974 0.0438165 0.000803722
0.898758 0.00890137 0.438355 -0.306518
-0 -0 0 1
127 127 0
-0.505588 0.0541912 0.861071 -0.860971
-0.0101339 -0.99833 0.0568792 -0.00210933
0.862715 0.0200315 0.505293 -0.377019
-0 -0 0 1
128 128 0
-0.566169 0.139629 0.812377 -0.827561
-0.00805971 -0.986439 0.163929 0.0114771
0.82425 0.0862641 0.559617 -0.435878
-0 -0 0 1
129 129 0
-0.635405 0.258968 0.727459 -0.793122
-0.00981277 -0.944717 0.327739 0.018747
0.772117 0.201108 0.602819 -0.486051
-0 -0 0 1
130 130 0
-0.689106 0.314054 0.653072 -0.771202
-0.0149581 -0.907183 0.42047 0.0272539
0.724506 0.27998 0.629843 -0.540526
-0 -0 0 1
131 131 0
-0.732797 0.356083 0.579839 -0.732357
-0.0228823 -0.864558 0.502012 0.0345685
0.680062 0.354605 0.641694 -0.585915
-0 -0 0 1
132 132 0
-0.768816 0.388604 0.507847 -0.702135
-0.0351153 -0.818627 0.573252 0.0329951
0.638505 0.422892 0.643019 -0.641451
-0 -0 0 1
133 133 0
-0.798723 0.399706 0.449751 -0.668863
-0.0499652 -0.788948 0.612425 0.0265392
0.599621 0.466686 0.650122 -0.699359
-0 -0 0 1
134 134 0
-0.824134 0.38976 0.410962 -0.63638
-0.0667087 -0.78732 0.612925 0.0191093
0.562453 0.477718 0.674858 -0.754697
-0 -0 0 1
135 135 0
-0.848438 0.376573 0.371949 -0.593035
-0.0848483 -0.790402 0.606684 0.0131852
0.52245 0.483174 0.702559 -0.806433
-0 -0 0 1
136 136 0
-0.877887 0.339134 0.338086 -0.529431
-0.103061 -0.823272 0.558213 0.0170881
0.467645 0.455204 0.757692 -0.838826
-0 -0 0 1
137 137 0
-0.902651 0.302276 0.30635 -0.462294
-0.105593 -0.845616 0.523243 0.0148791
0.417218 0.439957 0.795215 -0.869296
-0 -0 0 1
138 138 0
-0.924863 0.264489 0.273266 -0.392382
-0.0998974 -0.862279 0.496483 0.0126698
0.366946 0.43188 0.823911 -0.888316
-0 -0 0 1
139 139 0
-0.945232 0.222095 0.239188 -0.330628
-0.0885037 -0.87975 0.467127 0.00901911
0.314172 0.420374 0.851224 -0.92039
-0 -0 0 1
140 140 0
-0.966104 0.173796 0.190888 -0.26256
-0.0745454 -0.89575 0.438263 0.00559754
0.247156 0.409178 0.878343 -0.955775
-0 -0 0 1
141 141 0
-0.98057 0.124851 0.151312 -0.195966
-0.0542067 -0.913741 0.402665 -0.00183788
0.188533 0.386639 0.902754 -0.994686
-0 -0 0 1
142 142 0
-0.990201 0.0842095 0.111406 -0.129096
-0.0363674 -0.92571 0.376483 -0.0132498
0.134833 0.368742 0.919701 -1.03545
-0 -0 0 1
143 143 0
-0.996156 0.0519468 0.0705387 -0.0652216
-0.0233363 -0.933476 0.357881 -0.0191859
0.084437 0.354859 0.931099 -1.05291
-0 -0 0 1
144 144 0
-0.999257 0.024959 0.0293721 0.00104253
-0.0130138 -0.935752 0.352419 -0.0268804
0.036281 0.351775 0.935381 -1.06731
-0 -0 0 1
145 145 0
-0.999063 -0.00499873 -0.0429898 0.0737583
-0.0121792 -0.920694 0.390094 -0.0159793
-0.0415304 0.390253 0.919771 -1.07593
-0 -0 0 1
146 146 0
-0.991237 -0.0513162 -0.121718 0.14735
-0.0108378 -0.886755 0.462113 0.0128887
-0.131648 0.459383 0.878428 -1.08223
-0 -0 0 1
147 147 0
-0.979293 -0.0917452 -0.180464 0.217199
-0.00678749 -0.876036 0.482197 0.0332945
-0.202332 0.473437 0.857274 -1.11471
-0 -0 0 1
148 148 0
-0.962879 -0.12293 -0.240318 0.286557
-0.00816355 -0.876615 0.481123 0.027244
-0.269811 0.465225 0.84307 -1.14459
-0 -0 0 1
149 149 0
-0.940114 -0.151252 -0.305465 0.362904
-0.00908179 -0.884725 0.466025 0.0266107
-0.34074 0.44089 0.830369 -1.15518
-0 -0 0 1
150 150 0
-0.918287 -0.177652 -0.353821 0.443665
-0.00560658 -0.887753 0.460287 0.0241039
-0.395876 0.424659 0.814216 -1.13968
-0 -0 0 1
151 151 0
-0.895802 -0.205062 -0.394319 0.5216
-0.00131227 -0.885978 0.463725 0.0271379
-0.44445 0.415923 0.793392 -1.10088
-0 -0 0 1
152 152 0
-0.872663 -0.228461 -0.431585 0.603201
-0.000414918 -0.883462 0.468502 0.0299703
-0.488323 0.409023 0.77087 -1.07441
-0 -0 0 1
153 153 0
-0.851048 -0.247975 -0.462846 0.684172
-0.000403316 -0.881154 0.47283 0.0344998
-0.525088 0.402588 0.749804 -1.04281
-0 -0 0 1
154 154 0
-0.823648 -0.266322 -0.500676 0.761986
-0.00249571 -0.881158 0.472815 0.0344301
-0.567096 0.390683 0.7251 -1.00364
-0 -0 0 1
155 155 0
-0.780432 -0.270116 -0.563883 0.840424
-0.0121624 -0.895135 0.445629 0.0281265
-0.625123 0.354641 0.695307 -0.974086
-0 -0 0 1
156 156 0
-0.717578 -0.284564 -0.635692 0.90319
-0.0188686 -0.904447 0.426169 0.0298864
-0.696222 0.317804 0.643642 -0.939415
-0 -0 0 1
157 157 0
-0.660443 -0.305387 -0.685969 0.962433
-0.0166778 -0.907367 0.420009 0.0299591
-0.750691 0.288832 0.594171 -0.901135
-0 -0 0 1
158 158 0
-0.605424 -0.326288 -0.725946 1.02075
-0.0119281 -0.908282 0.418189 0.0351336
-0.795814 0.261841 0.546003 -0.849859
-0 -0 0 1
159 159 0
-0.55731 -0.332276 -0.76092 1.07812
-0.00400248 -0.915348 0.402643 0.0337205
-0.830295 0.227442 0.508802 -0.792189
-0 -0 0 1
160 160 0
-0.513249 -0.341791 -0.787245 1.13766
0.00188269 -0.917725 0.397213 0.0371002
-0.858238 0.202387 0.471665 -0.734682
-0 -0 0 1
161 161 0
-0.472938 -0.353921 -0.806889 1.19404
0.00610205 -0.917072 0.398674 0.0355498
-0.881074 0.183624 0.435878 -0.671038
-0 -0 0 1
162 162 0
-0.433625 -0.370813 -0.82126 1.24585
0.00628199 -0.912625 0.408749 0.0299191
-0.901072 0.172085 0.398066 -0.619935
-0 -0 0 1
163 163 0
-0.41996 -0.384833 -0.821911 1.30047
0.0126437 -0.908037 0.418699 0.0283432
-0.907455 0.165445 0.386205 -0.565293
-0 -0 0 1
164 164 0
-0.471784 -0.380146 -0.795556 1.33693
0.0304352 -0.908767 0.416193 0.0303815
-0.881189 0.17214 0.440311 -0.496561
-0 -0 0 1
165 165 0
-0.523993 -0.360171 -0.771821 1.36866
0.0112571 -0.909038 0.416561 0.0284847
-0.851648 0.209587 0.480385 -0.422456
-0 -0 0 1
166 166 0
-0.535826 -0.35792 -0.764712 1.40733
0.00690981 -0.907532 0.419925 0.0219567
-0.8443 0.219723 0.488753 -0.340851
-0 -0 0 1
167 167 0
-0.515962 -0.360006 -0.777289 1.43685
-0.00580637 -0.90591 0.423431 5.90674e-05
-0.856592 0.222988 0.465325 -0.278051
-0 -0 0 1
168 168 0
-0.473275 -0.372931 -0.798081 1.45762
-0.0138127 -0.902715 0.430016 -0.013759
-0.880807 0.21454 0.422081 -0.22288
-0 -0 0 1
169 169 0
-0.422059 -0.348513 -0.836902 1.46075
-0.0170883 -0.919931 0.391707 -0.0222408
-0.906407 0.179625 0.38231 -0.158982
-0 -0 0 1
170 170 0
-0.338431 -0.310079 -0.888434 1.45473
-0.0238213 -0.941021 0.337507 -0.024359
-0.94069 0.135387 0.311084 -0.095404
-0 -0 0 1
171 171 0
-0.196344 -0.318074 -0.927512 1.4413
-0.03335 -0.94321 0.330517 -0.0163835
-0.979968 0.0958275 0.174586 -0.0335003
-0 -0 0 1
172 172 0
-0.113045 -0.42998 -0.895733 1.44473
-0.0151376 -0.900662 0.434256 -0.0140824
-0.993475 0.0626499 0.0953068 0.0346016
-0 -0 0 1
173 173 0
-0.0497801 -0.541519 -0.839213 1.45041
-0.0017132 -0.840207 0.542262 -0.0108339
-0.998759 0.0284316 0.0408979 0.107118
-0 -0 0 1
174 174 0
0.00964921 -0.586096 -0.810184 1.45333
0.00358174 -0.810197 0.586147 -0.0138378
-0.999947 -0.00855773 -0.00571851 0.178702
-0 -0 0 1
175 175 0
-0.0147081 -0.589462 -0.807662 1.44137
0.003848 -0.807777 0.589476 -0.0112111
-0.999884 0.0055622 0.0141491 0.239766
-0 -0 0 1
176 176 0
-0.0284361 -0.574932 -0.817707 1.43265
-0.00686922 -0.817906 0.575311 -0.0145722
-0.999572 0.0219766 0.0193087 0.30527
-0 -0 0 1
177 177 0
-0.0581113 -0.552211 -0.831677 1.42221
-0.0148301 -0.832515 0.553804 -0.0126611
-0.9982 0.0445161 0.0401891 0.369234
-0 -0 0 1
178 178 0
-0.067784 -0.512165 -0.856208 1.41156
-0.0161349 -0.857507 0.514219 -0.0154437
-0.99757 0.0486707 0.0498615 0.436593
-0 -0 0 1
179 179 0
-0.0283679 -0.486088 -0.873449 1.41262
-0.0304778 -0.872974 0.486814 -0.0219568
-0.999133 0.0404307 0.00994954 0.504122
-0 -0 0 1
180 180 0
0.0708281 -0.475599 -0.876806 1.39674
-0.0297708 -0.87963 0.474725 -0.0215512
-0.997044 -0.00752066 -0.0764615 0.573902
-0 -0 0 1
181 181 0
0.264104 -0.500356 -0.824556 1.37129
-0.0178961 -0.857306 0.514496 -0.0143097
-0.964328 -0.121124 -0.235372 0.639701
-0 -0 0 1
182 182 0
0.422877 -0.530946 -0.734351 1.35383
-0.0245955 -0.816801 0.576395 -0.0129335
-0.905853 -0.225683 -0.358465 0.705908
-0 -0 0 1
183 183 0
0.487722 -0.520142 -0.701127 1.32742
-0.0300404 -0.812649 0.581979 -0.0149387
-0.872482 -0.262782 -0.411972 0.759243
-0 -0 0 1
184 184 0
0.547189 -0.481935 -0.684341 1.32727
-0.0218237 -0.82554 0.563922 -0.0269433
-0.836724 -0.293637 -0.462244 0.814594
-0 -0 0 1
185 185 0
0.603824 -0.425038 -0.674344 1.32808
-0.0201351 -0.853841 0.520145 -0.0333196
-0.796864 -0.300498 -0.524127 0.874127
-0 -0 0 1
186 186 0
0.692213 -0.360226 -0.625363 1.32212
-0.0317397 -0.880878 0.472278 -0.0407519
-0.720995 -0.307068 -0.621189 0.928614
-0 -0 0 1
187 187 0
0.789287 -0.29945 -0.536056 1.28924
-0.037181 -0.894727 0.445064 -0.0387786
-0.612898 -0.331352 -0.71733 0.984763
-0 -0 0 1
188 188 0
0.845025 -0.244435 -0.475588 1.25638
-0.0250121 -0.906499 0.421467 -0.042008
-0.534141 -0.344254 -0.772128 1.03945
-0 -0 0 1
189 189 0
0.876642 -0.202931 -0.436254 1.2045
-0.0068055 -0.911843 0.410483 -0.0380368
-0.481095 -0.356878 -0.800741 1.05921
-0 -0 0 1
190 190 0
0.889654 -0.181673 -0.418939 1.16799
0.00477306 -0.9137 0.406361 -0.0313274
-0.45661 -0.36352 -0.81201 1.06303
-0 -0 0 1
191 191 0
0.870567 -0.20122 -0.449024 1.13505
-0.0053799 -0.916398 0.400233 -0.0314726
-0.49202 -0.346014 -0.798868 1.05982
-0 -0 0 1
192 192 0
0.838521 -0.231131 -0.493417 1.11506
-0.0178488 -0.916736 0.399094 -0.0206389
-0.544576 -0.325842 -0.772828 1.01263
-0 -0 0 1
193 193 0
0.827629 -0.264301 -0.495152 1.08837
-0.00602172 -0.88632 0.463033 -0.0128855
-0.561244 -0.380238 -0.735136 0.975234
-0 -0 0 1
194 194 0
0.813254 -0.317369 -0.487744 1.06475
0.00371124 -0.835334 0.54973 -0.00556105
-0.581897 -0.448881 -0.678161 0.942716
-0 -0 0 1
195 195 0
0.781322 -0.361638 -0.508678 1.03183
0.012461 -0.805821 0.592028 -0.000211094
-0.624004 -0.468903 -0.6251 0.899089
-0 -0 0 1
196 196 0
0.761784 -0.402502 -0.507619 1.0007
0.00527235 -0.77969 0.626144 0.00676174
-0.64781 -0.479663 -0.591833 0.850335
-0 -0 0 1
197 197 0
0.744576 -0.444273 -0.498225 0.960252
-0.00264438 -0.74832 0.663333 0.0140231
-0.667532 -0.492585 -0.558356 0.804536
-0 -0 0 1
198 198 0
0.737131 -0.477786 -0.477869 0.924725
-0.013952 -0.717779 0.696132 0.02178
-0.675606 -0.506473 -0.535763 0.767664
-0 -0 0 1
199 199 0
0.747409 -0.483253 -0.455901 0.880362
-0.0294666 -0.70966 0.703928 0.0198614
-0.66371 -0.512688 -0.544646 0.783861
-0 -0 0 1
200 200 0
0.770769 -0.471281 -0.428729 0.831821
-0.0427639 -0.709674 0.703231 0.0164781
-0.635677 -0.523695 -0.567149 0.804925
-0 -0 0 1
201 201 0
0.801163 -0.449491 -0.395088 0.792978
-0.0508253 -0.708912 0.703464 0.015172
-0.596283 -0.543509 -0.5908 0.834763
-0 -0 0 1
202 202 0
0.848944 -0.405438 -0.338989 0.78739
-0.0609637 -0.712287 0.699236 0.00890429
-0.524954 -0.572946 -0.629409 0.876129
-0 -0 0 1
203 203 0
0.909096 -0.315243 -0.272334 0.774296
-0.0470069 -0.727179 0.684836 -0.000463806
-0.413926 -0.60978 -0.675894 0.932842
-0 -0 0 1
204 204 0
0.941453 -0.253198 -0.222612 0.763754
-0.0506584 -0.759033 0.649079 -0.00961452
-0.333315 -0.5998 -0.727421 0.992548
-0 -0 0 1
205 205 0
0.966121 -0.192704 -0.171685 0.736041
-0.0511806 -0.79505 0.604381 -0.0151156
-0.252965 -0.575118 -0.777977 1.04578
-0 -0 0 1
206 206 0
0.981054 -0.138801 -0.135158 0.709523
-0.0412557 -0.831316 0.554267 -0.0192595
-0.189292 -0.53819 -0.821292 1.10055
-0 -0 0 1
207 207 0
0.990537 -0.0960559 -0.098032 0.688519
-0.0332812 -0.861056 0.507419 -0.024738
-0.133152 -0.499355 -0.856105 1.15644
-0 -0 0 1
208 208 0
0.99582 -0.0583868 -0.070235 0.658258
-0.0222613 -0.900956 0.43334 -0.0306109
-0.0885799 -0.429965 -0.89849 1.21513
-0 -0 0 1
209 209 0
0.99859 -0.0325006 -0.0419652 0.643318
-0.0166975 -0.942829 0.332859 -0.0356972
-0.0503841 -0.331689 -0.942042 1.27991
-0 -0 0 1
210 210 0
0.999525 -0.0150773 -0.0268808 0.639133
-0.00833264 -0.971889 0.235291 -0.0175595
-0.0296728 -0.234955 -0.971553 1.33934
-0 -0 0 1
211 211 0
0.999996 0.000879476 0.00274552 0.631878
0.000255254 -0.975602 0.219545 -0.00375967
0.00287162 -0.219543 -0.975598 1.39112
-0 -0 0 1
212 212 0
0.999044 0.0154823 0.0408852 0.602806
0.00817673 -0.984863 0.173143 -0.00950962
0.042947 -0.172644 -0.984048 1.43972
-0 -0 0 1
213 213 0
0.995696 0.0262 0.0889001 0.557104
0.0183015 -0.995906 0.088527 -0.0124151
0.0908555 -0.086519 -0.992099 1.47179
-0 -0 0 1
214 214 0
0.991144 0.0236644 0.130664 0.517888
0.0289541 -0.99883 -0.0387333 -0.0193053
0.129594 0.0421736 -0.99067 1.49644
-0 -0 0 1
215 215 0
0.984036 0.0333999 0.174808 0.445597
0.0452309 -0.996915 -0.0641391 -0.0203518
0.172126 0.0710219 -0.982511 1.48279
-0 -0 0 1
216 216 0
0.974211 0.0479819 0.220479 0.366793
0.0623181 -0.996339 -0.0585304 -0.0210373
0.216863 0.0707607 -0.973634 1.45856
-0 -0 0 1
217 217 0
0.961448 0.0625295 0.267784 0.289372
0.0785561 -0.995678 -0.0495486 -0.0190553
0.263528 0.0686744 -0.962204 1.44004
-0 -0 0 1
218 218 0
0.948473 0.0743588 0.308009 0.217428
0.0908351 -0.995083 -0.039484 -0.0112976
0.303558 0.0654275 -0.950564 1.42367
-0 -0 0 1
219 219 0
0.948908 0.0818094 0.304763 0.143577
0.0974335 -0.994577 -0.0363878 -0.0130482
0.300134 0.0642229 -0.951733 1.40232
-0 -0 0 1
220 220 0
0.946797 0.0808174 0.31152 0.0785981
0.0965486 -0.994699 -0.0353842 -0.0213527
0.307009 0.0635784 -0.949581 1.38421
-0 -0 0 1
221 221 0
0.937856 0.0951283 0.333731 0.0282065
0.0846529 -0.995356 0.0458282 -0.0171424
0.336541 -0.0147289 -0.941554 1.35983
-0 -0 0 1
222 222 0
0.925237 0.122576 0.359043 0.00772055
0.0594736 -0.98153 0.18183 -0.00522308
0.3747 -0.146882 -0.915437 1.31942
-0 -0 0 1
223 223 0
0.910459 0.177038 0.373793 -0.0166112
0.0351587 -0.933616 0.356546 0.013328
0.412101 -0.311478 -0.856244 1.27712
-0 -0 0 1
224 224 0
0.892629 0.250686 0.37466 -0.0403788
0.0130303 -0.845116 0.534425 0.0253875
0.450604 -0.472161 -0.757641 1.24405
-0 -0 0 1
225 225 0
0.874117 0.29938 0.382479 -0.0785439
0.000566017 -0.788084 0.615568 0.0301679
0.485715 -0.537862 -0.689047 1.19972
-0 -0 0 1
226 226 0
0.851108 0.332511 0.406266 -0.115817
-0.0124097 -0.760895 0.648757 0.033101
0.524844 -0.557204 -0.643477 1.15237
-0 -0 0 1
227 227 0
0.82296 0.371069 0.430167 -0.166907
-0.02763 -0.730165 0.682712 0.030798
0.567426 -0.573731 -0.590644 1.14379
-0 -0 0 1
228 228 0
0.790616 0.397001 0.466172 -0.226492
-0.0382029 -0.727865 0.684656 0.0253854
0.611119 -0.559109 -0.560295 1.12937
-0 -0 0 1
229 229 0
0.737831 0.42666 0.523036 -0.265034
-0.0567571 -0.732924 0.677939 0.0252728
0.672595 -0.52989 -0.516558 1.08621
-0 -0 0 1
230 230 0
0.692175 0.454551 0.560605 -0.3051
-0.0613534 -0.736881 0.673232 0.0263279
0.719117 -0.50039 -0.482162 1.03982
-0 -0 0 1
231 231 0
0.654359 0.456387 0.60293 -0.342021
-0.0656041 -0.760063 0.646529 0.0282515
0.753332 -0.462617 -0.467414 0.999711
-0 -0 0 1
232 232 0
0.621042 0.397664 0.675404 -0.385533
-0.071379 -0.829452 0.553998 0.0475301
0.78052 -0.392266 -0.48674 0.967359
-0 -0 0 1
233 233 0
0.591737 0.352329 0.72506 -0.421808
-0.0758373 -0.871113 0.485192 0.0538234
0.802556 -0.342093 -0.48875 0.921093
-0 -0 0 1
234 234 0
0.55607 0.34368 0.75675 -0.478238
-0.0782733 -0.8848 0.45935 0.0512632
0.827442 -0.314664 -0.465109 0.8797
-0 -0 0 1
235 235 0
0.507999 0.349003 0.787486 -0.543784
-0.0788486 -0.891558 0.445991 0.0492788
0.857741 -0.288655 -0.425392 0.847501
-0 -0 0 1
236 236 0
0.45904 0.32343 0.827451 -0.587545
-0.0776535 -0.913207 0.400029 0.0535004
0.885016 -0.247884 -0.394083 0.79737
-0 -0 0 1
237 237 0
0.398052 0.296795 0.868025 -0.633399
-0.0745884 -0.932614 0.353084 0.0655964
0.914325 -0.20529 -0.349091 0.745563
-0 -0 0 1
238 238 0
0.358613 0.284382 0.889114 -0.659639
-0.063524 -0.942823 0.327183 0.0716066
0.931322 -0.173812 -0.320044 0.68482
-0 -0 0 1
239 239 0
0.34488 0.267016 0.899867 -0.700522
-0.0490107 -0.952255 0.301344 0.0744502
0.937366 -0.148031 -0.315327 0.62187
-0 -0 0 1
240 240 0
0.340874 0.268059 0.901082 -0.740375
-0.0378711 -0.953794 0.298066 0.0662616
0.939346 -0.135728 -0.314972 0.569136
-0 -0 0 1
241 241 0
0.310068 0.267065 0.912433 -0.779814
-0.0358839 -0.955763 0.291941 0.0538657
0.950037 -0.123263 -0.286768 0.523022
-0 -0 0 1
242 242 0
0.273221 0.250857 0.928666 -0.833212
-0.0323635 -0.962455 0.269506 0.0310876
0.961407 -0.10369 -0.254844 0.49975
-0 -0 0 1
243 243 0
0.232672 0.193721 0.953067 -0.899527
-0.0303952 -0.978034 0.206216 0.0187138
0.97208 -0.0769494 -0.221673 0.501681
-0 -0 0 1
244 244 0
0.189111 0.0584237 0.980216 -0.948541
-0.026887 -0.997546 0.0646438 0.0247439
0.981588 -0.0385799 -0.187076 0.500789
-0 -0 0 1
245 245 0
0.149548 -0.038469 0.988006 -0.996628
-0.0206302 -0.999147 -0.0357802 0.0464223
0.988539 -0.0150319 -0.150214 0.506496
-0 -0 0 1
246 246 0
0.109823 -0.0631013 0.991946 -1.05162
-0.00937557 -0.998004 -0.0624487 0.0510183
0.993907 -0.00244175 -0.110196 0.527482
-0 -0 0 1
247 247 0
0.0721324 -0.064007 0.995339 -1.10214
0.00609441 -0.997892 -0.0646128 0.0477031
0.997376 0.0107267 -0.0715903 0.526667
-0 -0 0 1
248 248 0
0.0348307 -0.0518743 0.998046 -1.15694
0.0219572 -0.998371 -0.0526575 0.0455528
0.999152 0.0237484 -0.033635 0.521725
-0 -0 0 1
249 249 0
-0.00087525 0.0259796 0.999662 -1.20847
0.0395666 -0.998879 0.0259939 0.0328415
0.999217 0.039576 -0.000153655 0.488142
-0 -0 0 1
250 250 0
-0.0428759 0.159694 0.986235 -1.25398
0.0564382 -0.985179 0.161977 0.0255155
0.997485 0.0626062 0.0332276 0.45165
-0 -0 0 1
251 251 0
-0.0882702 0.224081 0.970565 -1.29698
0.0646493 -0.971025 0.230067 0.0145522
0.993996 0.0830544 0.0712259 0.412247
-0 -0 0 1
252 252 0
-0.132514 0.278975 0.951111 -1.32369
0.0677213 -0.954783 0.289487 0.0126898
0.988865 0.102772 0.10763 0.362439
-0 -0 0 1
253 253 0
-0.173427 0.338221 0.924948 -1.36421
0.0633974 -0.933398 0.353198 0.0122069
0.982804 0.119893 0.140434 0.325536
-0 -0 0 1
254 254 0
-0.215107 0.391322 0.89476 -1.38979
0.0556163 -0.909813 0.411276 0.0108379
0.975005 0.138232 0.173944 0.274786
-0 -0 0 1
255 255 0
-0.258955 0.427648 0.86606 -1.43767
0.0411087 -0.890953 0.452231 0.00614699
0.965014 0.15271 0.213137 0.243446
-0 -0 0 1
256 256 0
-0.304533 0.423052 0.853397 -1.47367
0.0254049 -0.892027 0.451267 0.00185467
0.952163 0.159106 0.260904 0.203788
-0 -0 0 1
257 257 0
-0.342253 0.409888 0.845491 -1.48433
0.0182096 -0.896771 0.44212 -0.000511412
0.939431 0.166713 0.299459 0.156218
-0 -0 0 1
258 258 0
-0.364535 0.387261 0.846843 -1.47529
0.0149411 -0.906871 0.421143 -0.00165634
0.93107 0.166174 0.3248 0.101218
-0 -0 0 1
259 259 0
-0.333369 0.380105 0.862778 -1.45745
0.0219428 -0.91175 0.410158 -0.004109
0.942541 0.155666 0.295608 0.0265435
-0 -0 0 1
260 260 0
-0.280775 0.356109 0.891264 -1.44181
0.021998 -0.925987 0.376913 -0.00190389
0.959522 0.125434 0.25216 -0.0467792
-0 -0 0 1
261 261 0
-0.227506 0.355321 0.906635 -1.44754
0.013149 -0.929845 0.367717 -0.00741619
0.973688 0.0955792 0.206873 -0.129788
-0 -0 0 1
262 262 0
-0.192873 0.35956 0.912971 -1.44206
-0.00245465 -0.930615 0.36599 -0.0125629
0.981221 0.0683487 0.180373 -0.217279
-0 -0 0 1
263 263 0
-0.20724 0.356092 0.91118 -1.42542
-0.0175384 -0.932604 0.360476 -0.00895727
0.978133 0.0587244 0.199518 -0.292307
-0 -0 0 1
264 264 0
-0.209814 0.349947 0.91297 -1.39131
-0.0231072 -0.935269 0.353184 0.00976658
0.977468 0.0530069 0.204319 -0.369657
-0 -0 0 1
265 265 0
-0.288866 0.347769 0.891972 -1.36128
-0.0315054 -0.934638 0.354201 0.0149727
0.956851 0.0742147 0.280942 -0.452167
-0 -0 0 1
266 266 0
-0.412201 0.330676 0.848966 -1.33224
-0.0147409 -0.93411 0.356682 0.00929703
0.910974 0.13451 0.389915 -0.530995
-0 -0 0 1
267 267 0
-0.490883 0.315975 0.811908 -1.30009
-0.0118241 -0.934245 0.356436 0.00410789
0.871145 0.165368 0.462341 -0.609709
-0 -0 0 1
268 268 0
-0.5773 0.29997 0.759436 -1.25881
-0.0159886 -0.934049 0.356786 0.00107158
0.816376 0.19383 0.544022 -0.67973
-0 -0 0 1
269 269 0
-0.659634 0.280369 0.697335 -1.21147
-0.0161597 -0.932893 0.359791 -0.000498097
0.751413 0.226062 0.619899 -0.746852
-0 -0 0 1
270 270 0
-0.733507 0.269208 0.624095 -1.15875
-0.0137943 -0.923924 0.382328 -0.00501337
0.679542 0.271832 0.681418 -0.810896
-0 -0 0 1
271 271 0
-0.787739 0.268996 0.554174 -1.10741
-0.00687892 -0.903405 0.428734 -0.0107761
0.615971 0.333918 0.713497 -0.879441
-0 -0 0 1
272 272 0
-0.820367 0.2732 0.502355 -1.06036
0.00111194 -0.877728 0.479157 0.00203535
0.571837 0.393643 0.719755 -0.947488
-0 -0 0 1
273 273 0
-0.84508 0.252883 0.471052 -1.01107
0.00224706 -0.879376 0.476122 0.00216885
0.534635 0.40342 0.742575 -1.01928
-0 -0 0 1
274 274 0
-0.851767 0.23133 0.470085 -0.969498
0.00792783 -0.89145 0.45305 -0.00725494
0.523861 0.38962 0.757473 -1.08728
-0 -0 0 1
275 275 0
-0.852036 0.234234 0.468155 -0.919488
-0.0202578 -0.908391 0.417631 -0.0186962
0.523091 0.346353 0.778727 -1.15474
-0 -0 0 1
276 276 0
-0.871213 0.217539 0.440074 -0.877937
-0.0269014 -0.916262 0.399674 -0.0299593
0.490168 0.336363 0.804112 -1.22139
-0 -0 0 1
277 277 0
-0.890796 0.201692 0.407188 -0.823204
-0.0289729 -0.919482 0.392064 -0.0411009
0.453478 0.337451 0.824915 -1.2777
-0 -0 0 1
278 278 0
-0.910441 0.184804 0.370061 -0.767125
-0.029801 -0.921627 0.386932 -0.0505822
0.412565 0.34125 0.844594 -1.34116
-0 -0 0 1
279 279 0
-0.929336 0.164447 0.330593 -0.708956
-0.0282839 -0.92442 0.380325 -0.0557223
0.36815 0.344099 0.863749 -1.37274
-0 -0 0 1
280 280 0
-0.946601 0.143777 0.288574 -0.652475
-0.0258538 -0.926027 0.376571 -0.0668604
0.32137 0.349001 0.880295 -1.4051
-0 -0 0 1
281 281 0
-0.959983 0.123675 0.251271 -0.599574
-0.0219817 -0.927716 0.372639 -0.0860744
0.279194 0.352203 0.89331 -1.43654
-0 -0 0 1
282 282 0
-0.968958 0.10463 0.223993 -0.568215
-0.0201662 -0.936459 0.350196 -0.103896
0.246401 0.334809 0.9095 -1.48171
-0 -0 0 1
283 283 0
-0.968555 0.0938092 0.230436 -0.545326
-0.0120561 -0.942802 0.333135 -0.109342
0.248507 0.319882 0.914287 -1.53102
-0 -0 0 1
284 284 0
-0.963291 0.094611 0.251237 -0.54502
-0.00889846 -0.94658 0.322346 -0.120409
0.268313 0.308277 0.912674 -1.58389
-0 -0 0 1
285 285 0
-0.955053 0.0886041 0.282884 -0.545353
-0.00834534 -0.961943 0.273122 -0.129471
0.296318 0.258485 0.919446 -1.64824
-0 -0 0 1
286 286 0
-0.949773 0.0759323 0.303587 -0.542622
-0.0099934 -0.97698 0.213095 -0.13836
0.312779 0.199358 0.928669 -1.70483
-0 -0 0 1
287 287 0
-0.96029 0.0636066 0.271657 -0.535526
-0.0143264 -0.983623 0.179665 -0.149818
0.278636 0.168639 0.945475 -1.76037
-0 -0 0 1
288 288 0
-0.969277 0.0484024 0.241164 -0.533089
-0.00846102 -0.986428 0.163973 -0.143293
0.245827 0.156895 0.956532 -1.81833
-0 -0 0 1
289 289 0
-0.978272 0.0368965 0.204017 -0.534208
-0.00136476 -0.985162 0.171623 -0.128789
0.207322 0.167615 0.963806 -1.87129
-0 -0 0 1
290 290 0
-0.983591 0.0239793 0.17881 -0.529421
0.00953651 -0.982831 0.18426 -0.131538
0.180159 0.182942 0.966476 -1.91571
-0 -0 0 1
291 291 0
-0.990742 0.010867 0.135325 -0.538412
0.0153337 -0.981456 0.191075 -0.134494
0.134892 0.191381 0.972202 -1.93085
-0 -0 0 1
292 292 0
-0.995577 -0.00600877 0.0937582 -0.541944
0.0244206 -0.980201 0.196493 -0.12626
0.0907213 0.197913 0.976012 -1.93481
-0 -0 0 1
293 293 0
-0.995435 -0.0124062 0.0946372 -0.539813
0.04069 -0.952062 0.303187 -0.129763
0.0863391 0.305653 0.94822 -1.93808
-0 -0 0 1
294 294 0
-0.974495 0.0413968 0.220558 -0.537166
0.0492045 -0.919506 0.389985 -0.136952
0.218948 0.390891 0.894017 -1.94342
-0 -0 0 1
295 295 0
