0 0 0
0.333487 0.0582181 -0.940956 0.246049
-0.0576322 -0.994966 -0.0819853 -0.00593322
-0.940992 0.0815704 -0.328452 0.0535024
-0 -0 0 1
1 1 0
0.245471 0.0784569 -0.966224 0.24422
-0.0567507 -0.993847 -0.0951175 -0.00553358
-0.967741 0.0781824 -0.239508 0.0451454
-0 -0 0 1
2 2 0
0.181022 0.089019 -0.979442 0.238977
-0.0545094 -0.993456 -0.100367 -0.00333249
-0.981967 0.0715575 -0.174985 0.0303806
-0 -0 0 1
3 3 0
0.0803272 0.095014 -0.99223 0.244623
-0.0539963 -0.99357 -0.0995137 -0.00339126
-0.995305 0.0615704 -0.0746803 0.00455779
-0 -0 0 1
4 4 0
0.0268262 0.0964456 -0.994977 0.238126
-0.0496303 -0.993979 -0.097687 -0.00272161
-0.998407 0.0520015 -0.0218781 -0.0129911
-0 -0 0 1
5 5 0
0.0313773 0.0908639 -0.995369 0.248045
-0.0478239 -0.994582 -0.0922996 -0.00339736
-0.998363 0.0504985 -0.0268619 -0.0343998
-0 -0 0 1
6 6 0
0.0339195 0.0909057 -0.995282 0.245212
-0.0406015 -0.994907 -0.0922552 -0.00456413
-0.9986 0.0435391 -0.0300559 -0.035359
-0 -0 0 1
7 7 0
0.0541951 0.0883495 -0.994614 0.24396
0.00521888 -0.996089 -0.0881962 -0.00458477
-0.998517 -0.000410973 -0.0544442 -0.0356513
-0 -0 0 1
8 8 0
0.00160017 0.092262 -0.995733 0.246206
0.00933493 -0.995693 -0.0922432 -0.0030711
-0.999955 -0.0091475 -0.00245453 -0.0452027
-0 -0 0 1
9 9 0
-0.191518 0.100364 -0.976344 0.250039
0.00823035 -0.994559 -0.103851 0.00245893
-0.981455 -0.027925 0.189649 -0.0649545
-0 -0 0 1
10 10 0
-0.254294 0.0351352 -0.966488 0.249677
0.0096996 -0.999197 -0.0388764 0.0109627
-0.967078 -0.0192606 0.253749 -0.0955581
-0 -0 0 1
11 11 0
-0.306477 -0.0235415 -0.951587 0.237457
0.00240052 -0.99971 0.0239589 0.0123132
-0.951875 0.00505856 0.306445 -0.12886
-0 -0 0 1
12 12 0
-0.426398 -0.032709 -0.903944 0.226657
-0.00781535 -0.999175 0.0398415 0.0106603
-0.904502 0.024053 0.425791 -0.163565
-0 -0 0 1
13 13 0
-0.539164 -0.0295002 -0.841684 0.201342
-0.0198172 -0.998665 0.0476967 0.0111544
-0.841968 0.0423962 0.53786 -0.194878
-0 -0 0 1
14 14 0
-0.687231 -0.0149038 -0.726286 0.16897
-0.0282519 -0.998485 0.0472222 0.0103959
-0.725889 0.0529715 0.685769 -0.213991
-0 -0 0 1
15 15 0
-0.813985 0.00129749 -0.580885 0.135916
-0.0368413 -0.9981 0.0493957 0.0089236
-0.579717 0.0616078 0.812485 -0.236059
-0 -0 0 1
16 16 0
-0.882517 0.0160713 -0.470005 0.102817
-0.0459638 -0.997579 0.0521941 0.00921122
-0.468028 0.0676654 0.881119 -0.248775
-0 -0 0 1
17 17 0
-0.9374 0.0306253 -0.346904 0.0719323
-0.0519501 -0.997277 0.0523376 0.00860293
-0.344357 0.067083 0.936439 -0.259363
-0 -0 0 1
18 18 0
-0.981758 0.0426464 -0.185291 0.0305246
-0.0537147 -0.997033 0.055129 0.00670076
-0.182391 0.0640762 0.981136 -0.271075
-0 -0 0 1
19 19 0
-0.996572 0.0538889 -0.0627672 -0.0110904
-0.0572727 -0.996928 0.053419 0.00592666
-0.0596957 0.0568308 0.996598 -0.271277
-0 -0 0 1
20 20 0
-0.994751 0.0611132 0.0820749 -0.0405925
-0.0575234 -0.997311 0.0454144 0.00423025
0.0846296 0.0404547 0.995591 -0.263326
-0 -0 0 1
21 21 0
-0.969858 0.0626008 0.235492 -0.0724779
-0.0547098 -0.997705 0.0399012 0.0030372
0.237449 0.0258148 0.971057 -0.256907
-0 -0 0 1
22 22 0
-0.901621 0.0602879 0.428306 -0.0907017
-0.0514441 -0.998156 0.0322053 0.00306936
0.429458 0.00700317 0.90306 -0.231912
-0 -0 0 1
23 23 0
-0.789255 0.0554234 0.611559 -0.114588
-0.0490426 -0.998426 0.0271912 0.00138223
0.612104 -0.0085316 0.790732 -0.214537
-0 -0 0 1
24 24 0
-0.695018 0.0500982 0.717245 -0.129214
-0.047456 -0.998591 0.0237643 0.00122257
0.717425 -0.017521 0.696415 -0.196706
-0 -0 0 1
25 25 0
-0.667328 0.0185277 0.744533 -0.144933
-0.00475385 -0.999776 0.0206186 0.000359229
0.744748 0.01022 0.667267 -0.182261
-0 -0 0 1
26 26 0
-0.650901 -0.002328 0.759159 -0.15609
0.0373207 -0.998884 0.0289355 0.00282908
0.758244 0.0471665 0.650262 -0.162911
-0 -0 0 1
27 27 0
-0.590626 0.00246049 0.806942 -0.177294
0.0504092 -0.99793 0.0399389 0.00348779
0.80537 0.0642662 0.589279 -0.145579
-0 -0 0 1
28 28 0
-0.544385 0.0168622 0.838666 -0.18983
0.0512379 -0.997263 0.0533099 0.00353671
0.837269 0.0719926 0.542031 -0.125406
-0 -0 0 1
29 29 0
-0.437671 0.0356899 0.898427 -0.210035
0.0508625 -0.996629 0.0643687 0.00315775
0.897696 0.0738685 0.43438 -0.102081
-0 -0 0 1
30 30 0
-0.357857 0.0574888 0.932005 -0.233405
0.047937 -0.995656 0.0798211 0.00214814
0.932545 0.0732421 0.353547 -0.0722871
-0 -0 0 1
31 31 0
-0.287477 0.0704126 0.955196 -0.240755
0.044769 -0.995216 0.0868364 0.00153982
0.956741 0.0677266 0.282949 -0.0413004
-0 -0 0 1
32 32 0
-0.104381 0.0878527 0.99065 -0.252835
0.050263 -0.994352 0.093477 2.78921e-05
0.993266 0.0595502 0.0993754 -0.0137171
-0 -0 0 1
33 33 0
0.00627881 0.100603 0.994907 -0.260436
0.0479128 -0.993814 0.10019 0.000941306
0.998832 0.0470397 -0.0110601 0.019065
-0 -0 0 1
34 34 0
0.156817 0.108555 0.981644 -0.255122
0.0497545 -0.993547 0.101924 8.97758e-05
0.986374 0.0328578 -0.161207 0.0476408
-0 -0 0 1
35 35 0
0.281645 0.113047 0.952836 -0.25086
0.0495047 -0.993425 0.10323 0.000376428
0.958241 0.0180957 -0.28539 0.0752936
-0 -0 0 1
36 36 0
0.36061 0.111129 0.926073 -0.249631
0.0442329 -0.993797 0.102031 0.000110991
0.931667 0.00416945 -0.363288 0.107374
-0 -0 0 1
37 37 0
0.418124 0.111641 0.901504 -0.244148
0.0432152 -0.99374 0.10302 0.00206757
0.907361 -0.00411637 -0.420331 0.142282
-0 -0 0 1
38 38 0
0.53047 0.110735 0.84044 -0.229057
0.0461111 -0.993733 0.101828 0.00169594
0.846449 -0.015263 -0.532251 0.165218
-0 -0 0 1
39 39 0
0.65559 0.108374 0.7473 -0.216398
0.0520623 -0.99378 0.0984455 0.00142033
0.753321 -0.0256337 -0.657154 0.188082
-0 -0 0 1
40 40 0
0.750299 0.0998333 0.653517 -0.1899
0.0534258 -0.994455 0.0905783 0.00141635
0.658936 -0.0330462 -0.751472 0.204054
-0 -0 0 1
41 41 0
0.837155 0.0936018 0.538897 -0.159495
0.0571756 -0.994826 0.0839729 0.000701085
0.543969 -0.0394866 -0.838176 0.21805
-0 -0 0 1
42 42 0
0.910677 0.0882955 0.403574 -0.128109
0.0612222 -0.994951 0.0795295 0.000949073
0.408558 -0.047718 -0.911484 0.21926
-0 -0 0 1
43 43 0
0.960235 0.0820739 0.266858 -0.0941022
0.0639015 -0.995051 0.0760975 0.000562457
0.271783 -0.0560189 -0.960727 0.225299
-0 -0 0 1
44 44 0
0.984005 0.0768324 0.160723 -0.0645263
0.065369 -0.995005 0.0754423 0.00130347
0.165716 -0.0637293 -0.984112 0.226691
-0 -0 0 1
45 45 0
0.997372 0.0703797 -0.0172079 -0.0393522
0.0714507 -0.994799 0.0725985 0.00143202
-0.012009 -0.0736373 -0.997213 0.222328
-0 -0 0 1
46 46 0
0.950888 0.0538403 -0.304816 -0.0158285
0.0801603 -0.993995 0.0744927 0.000188352
-0.298975 -0.0952684 -0.949494 0.220302
-0 -0 0 1
47 47 0
0.902412 0.0331274 -0.429599 0.000659708
0.0793871 -0.992754 0.090206 -0.00152349
-0.423498 -0.115508 -0.898503 0.232764
-0 -0 0 1
48 48 0
0.880096 -0.0155142 -0.474542 0.02182
0.0318747 -0.995281 0.0916544 -0.00226141
-0.473724 -0.0957906 -0.875448 0.232022
-0 -0 0 1
49 49 0
0.855164 -0.0253585 -0.517737 0.0383066
0.0294046 -0.994821 0.0972945 -0.00229659
-0.517523 -0.0984266 -0.84999 0.247883
-0 -0 0 1
50 50 0
0.871769 -0.0292611 -0.489042 0.064258
0.0239314 -0.99448 0.102164 -0.0021084
-0.489332 -0.100767 -0.866257 0.243157
-0 -0 0 1
51 51 0
0.849851 -0.0344343 -0.525897 0.0871271
0.0231073 -0.994469 0.102456 -0.00310863
-0.526517 -0.0992248 -0.844355 0.247217
-0 -0 0 1
52 52 0
0.822208 -0.0375514 -0.567947 0.118223
0.0198283 -0.995326 0.0945139 -0.000985058
-0.568842 -0.0889715 -0.81762 0.239609
-0 -0 0 1
53 53 0
0.773876 -0.0318347 -0.632537 0.150065
0.0208433 -0.996915 0.0756739 -0.00145917
-0.632995 -0.0717464 -0.770824 0.237312
-0 -0 0 1
54 54 0
0.734297 0.00494075 -0.678811 0.172767
0.0221377 -0.999616 0.0166715 -0.00388953
-0.678468 -0.0272691 -0.734124 0.220335
-0 -0 0 1
55 55 0
0.680918 0.0345317 -0.731545 0.202982
0.0254863 -0.9994 -0.0234531 -0.00303322
-0.731916 -0.00267474 -0.681389 0.205415
-0 -0 0 1
56 56 0
0.614298 0.0466839 -0.787692 0.23217
0.0374036 -0.998849 -0.0300285 -0.000377699
-0.788187 -0.0110161 -0.615337 0.186286
-0 -0 0 1
57 57 0
0.541559 0.0497956 -0.839187 0.263345
0.0450526 -0.998529 -0.0301764 -0.0016863
-0.839455 -0.0214652 -0.543006 0.16244
-0 -0 0 1
58 58 0
0.468643 0.0485295 -0.882053 0.289095
0.0512892 -0.9983 -0.0276749 0.000690224
-0.881897 -0.0322702 -0.470336 0.130507
-0 -0 0 1
59 59 0
0.376438 0.0510427 -0.925034 0.303695
0.0581426 -0.997814 -0.0313978 0.00121456
-0.924615 -0.0419646 -0.378583 0.100666
-0 -0 0 1
60 60 0
0.237526 0.0522648 -0.969974 0.314596
0.0601391 -0.997427 -0.0390173 0.00028985
-0.969518 -0.0490657 -0.240058 0.063856
-0 -0 0 1
61 61 0
0.124643 0.0515514 -0.990862 0.311147
0.0636965 -0.997005 -0.0438585 0.000964225
-0.990155 -0.0576478 -0.127553 0.0291394
-0 -0 0 1
62 62 0
0.00563151 0.055338 -0.998452 0.309841
0.0640828 -0.996435 -0.0548648 0.0022955
-0.997929 -0.0636746 -0.00915764 -0.0107888
-0 -0 0 1
63 63 0
-0.0261116 0.0574581 -0.998006 0.320991
0.0669482 -0.996005 -0.0590945 0.00199665
-0.997415 -0.0683578 0.0221605 -0.0483434
-0 -0 0 1
64 64 0
-0.0102977 0.056091 -0.998373 0.332777
0.0672776 -0.996124 -0.0566586 0.0030559
-0.997681 -0.0677515 0.00648408 -0.0885359
-0 -0 0 1
65 65 0
-0.101311 0.0559605 -0.99328 0.347484
0.066875 -0.995775 -0.0629221 0.00404563
-0.992605 -0.0728003 0.0971408 -0.130797
-0 -0 0 1
66 66 0
-0.268661 0.0581252 -0.961479 0.351525
0.0659587 -0.994725 -0.0785655 0.00477127
-0.960974 -0.0845254 0.26341 -0.176141
-0 -0 0 1
67 67 0
-0.416281 0.0547188 -0.907588 0.334496
0.0670815 -0.993619 -0.0906737 0.00790373
-0.906758 -0.0986281 0.409954 -0.217047
-0 -0 0 1
68 68 0
-0.523985 0.0494012 -0.850294 0.310999
0.0684493 -0.992645 -0.0998529 0.00784707
-0.848973 -0.110523 0.516749 -0.247245
-0 -0 0 1
69 69 0
-0.639159 0.0378985 -0.76814 0.285624
0.0665426 -0.992314 -0.104328 0.007347
-0.76619 -0.117796 0.631725 -0.289343
-0 -0 0 1
70 70 0
-0.715775 0.0281961 -0.697762 0.248187
0.0650971 -0.99214 -0.106869 0.00703895
-0.69529 -0.121917 0.708313 -0.329405
-0 -0 0 1
71 71 0
-0.787744 0.0165984 -0.615779 0.207661
0.0645276 -0.991914 -0.109285 0.00615035
-0.612613 -0.125823 0.780303 -0.349034
-0 -0 0 1
72 72 0
-0.853294 0.00244405 -0.521424 0.172499
0.06143 -0.992554 -0.105181 0.00404469
-0.517798 -0.121781 0.846791 -0.376524
-0 -0 0 1
73 73 0
-0.91338 -0.0111396 -0.406955 0.135092
0.0587069 -0.992781 -0.104588 0.00530962
-0.402852 -0.11942 0.907441 -0.403999
-0 -0 0 1
74 74 0
-0.952178 -0.0229581 -0.304681 0.0961013
0.0567742 -0.993101 -0.102597 0.00265794
-0.300223 -0.114989 0.946913 -0.410506
-0 -0 0 1
75 75 0
-0.980783 -0.0345267 -0.192025 0.0587294
0.0551428 -0.993144 -0.103076 0.000989848
-0.187149 -0.111684 0.975962 -0.425785
-0 -0 0 1
76 76 0
-0.994391 -0.0417245 -0.0971908 0.0140603
0.0516794 -0.993413 -0.102272 0.00122264
-0.0922833 -0.106721 0.989997 -0.440116
-0 -0 0 1
77 77 0
-0.998806 -0.048325 -0.00710303 -0.0383012
0.0488003 -0.993466 -0.103166 7.63441e-05
-0.00207111 -0.10339 0.994639 -0.440919
-0 -0 0 1
78 78 0
-0.991106 -0.0602391 0.118658 -0.0823408
0.047478 -0.993062 -0.107582 -0.00159121
0.124315 -0.100992 0.98709 -0.429395
-0 -0 0 1
79 79 0
-0.961826 -0.0729069 0.26377 -0.128608
0.0438352 -0.992458 -0.114476 -0.0034804
0.270127 -0.0985432 0.957769 -0.412807
-0 -0 0 1
80 80 0
-0.904192 -0.0892039 0.417706 -0.169836
0.0437838 -0.992154 -0.117104 -0.00308917
0.424875 -0.0875956 0.901004 -0.392371
-0 -0 0 1
81 81 0
-0.867175 -0.100906 0.487674 -0.203937
0.0477099 -0.991586 -0.120336 -0.00433841
0.495714 -0.0810851 0.864692 -0.364851
-0 -0 0 1
82 82 0
-0.824247 -0.108497 0.555739 -0.241615
0.0487538 -0.991424 -0.121246 -0.00610201
0.564128 -0.0728424 0.822468 -0.33787
-0 -0 0 1
83 83 0
-0.781883 -0.113865 0.612938 -0.282942
0.0468994 -0.991136 -0.124296 -0.00643987
0.621658 -0.0684386 0.780293 -0.30627
-0 -0 0 1
84 84 0
-0.692893 -0.127246 0.709723 -0.309185
0.0474428 -0.990218 -0.131218 -0.00636809
0.719477 -0.0572489 0.692152 -0.269886
-0 -0 0 1
85 85 0
-0.595073 -0.132623 0.792654 -0.331789
0.0489568 -0.99044 -0.128962 -0.00440845
0.802179 -0.0379359 0.595877 -0.22928
-0 -0 0 1
86 86 0
-0.519467 -0.124102 0.845431 -0.357426
0.0502984 -0.992123 -0.114729 -0.00197347
0.853009 -0.0170743 0.521617 -0.186043
-0 -0 0 1
87 87 0
-0.418598 -0.112019 0.901237 -0.37666
0.0499503 -0.993702 -0.100311 -0.00352438
0.906797 0.00302717 0.421557 -0.145073
-0 -0 0 1
88 88 0
-0.329418 -0.0988512 0.938995 -0.394087
0.0482891 -0.994967 -0.0878028 -0.00583412
0.942949 0.0164194 0.332533 -0.0944231
-0 -0 0 1
89 89 0
-0.204821 -0.088878 0.974756 -0.403455
0.0452016 -0.995665 -0.0812865 -0.00610201
0.977755 0.0274113 0.20795 -0.0481476
-0 -0 0 1
90 90 0
-0.0456893 -0.0827093 0.995526 -0.400516
0.0429112 -0.995809 -0.0807634 -0.00725087
0.998034 0.0390292 0.049047 -0.000188418
-0 -0 0 1
91 91 0
0.094073 -0.0758653 0.992671 -0.396405
0.0412135 -0.995941 -0.0800209 -0.00700952
0.994712 0.0484392 -0.0905645 0.0506169
-0 -0 0 1
92 92 0
0.190123 -0.0689606 0.979335 -0.392824
0.0405471 -0.996127 -0.0780146 -0.00656462
0.980923 0.0545416 -0.18659 0.0981344
-0 -0 0 1
93 93 0
0.297739 -0.0645622 0.952462 -0.377093
0.039783 -0.996005 -0.0799499 -0.00586466
0.953818 0.061696 -0.293981 0.138658
-0 -0 0 1
94 94 0
0.410771 -0.0574074 0.90993 -0.358355
0.0398196 -0.995934 -0.0808092 -0.00625058
0.910869 0.0694271 -0.406814 0.176874
-0 -0 0 1
95 95 0
0.511163 -0.052047 0.857907 -0.341939
0.0400914 -0.995634 -0.0842901 -0.00698362
0.858548 0.0774806 -0.506845 0.211753
-0 -0 0 1
96 96 0
0.610898 -0.0430421 0.790538 -0.318636
0.042258 -0.995325 -0.0868474 -0.00526224
0.79058 0.0864615 -0.606224 0.235694
-0 -0 0 1
97 97 0
0.670686 -0.030485 0.741114 -0.287938
0.0436637 -0.9958 -0.0804755 -0.00441478
0.740455 0.0863337 -0.666538 0.266588
-0 -0 0 1
98 98 0
0.752584 -0.0128977 0.65837 -0.257706
0.0431481 -0.996694 -0.0688482 -0.00466541
0.657081 0.0802214 -0.749539 0.296484
-0 -0 0 1
99 99 0
0.829111 0.00280661 0.559077 -0.21635
0.0444607 -0.997151 -0.0609294 -0.00541482
0.557313 0.0753742 -0.826874 0.314971
-0 -0 0 1
100 100 0
0.902959 0.0171403 0.429385 -0.175302
0.0452642 -0.997439 -0.0553705 -0.00515917
0.427337 0.0694331 -0.901422 0.330459
-0 -0 0 1
101 101 0
0.941403 0.0280231 0.336118 -0.142102
0.0460615 -0.997888 -0.0458128 -0.00416546
0.334125 0.0586104 -0.940705 0.348754
-0 -0 0 1
102 102 0
0.959561 0.0305508 0.279839 -0.0996191
0.0435941 -0.998228 -0.0405035 -0.00572982
0.278106 0.0510649 -0.959192 0.374411
-0 -0 0 1
103 103 0
0.982139 0.0337604 0.185106 -0.0556054
0.0425934 -0.998125 -0.0439501 -0.00856917
0.183275 0.0510494 -0.981735 0.397988
-0 -0 0 1
104 104 0
0.998025 0.0403074 0.048191 -0.00983432
0.042724 -0.997824 -0.0502148 -0.00746105
0.0460621 0.0521745 -0.997575 0.40318
-0 -0 0 1
105 105 0
0.995743 0.0506376 -0.0770136 0.0281916
0.0461595 -0.997199 -0.0588569 -0.00696977
-0.0797782 0.0550514 -0.995291 0.397807
-0 -0 0 1
106 106 0
0.977834 0.0606784 -0.200395 0.0710101
0.0485214 -0.996703 -0.0650334 -0.00889019
-0.203681 0.0538684 -0.977554 0.390657
-0 -0 0 1
107 107 0
0.940498 0.0718671 -0.332111 0.111511
0.0505866 -0.9961 -0.0722955 -0.00610201
-0.336012 0.0511934 -0.940465 0.375182
-0 -0 0 1
108 108 0
0.86731 0.0909705 -0.489384 0.130196
0.0563273 -0.99478 -0.0850913 -0.00690136
-0.49457 0.0462349 -0.867907 0.341703
-0 -0 0 1
109 109 0
0.812571 0.0987952 -0.574428 0.146562
0.059203 -0.994423 -0.0872827 -0.00339681
-0.579847 0.0369156 -0.813888 0.300207
-0 -0 0 1
110 110 0
0.781618 0.0617364 -0.620695 0.155112
0.0581098 -0.997969 -0.0260858 -0.00015073
-0.621045 -0.0156793 -0.783618 0.261266
-0 -0 0 1
111 111 0
0.721966 0.0174914 -0.691708 0.15567
0.0537071 -0.998081 0.0308177 0.000433289
-0.689841 -0.0593989 -0.72152 0.219228
-0 -0 0 1
112 112 0
0.649872 -0.00867586 -0.759994 0.158534
0.0438363 -0.997842 0.0488755 0.000823163
-0.758778 -0.0650781 -0.64809 0.174088
-0 -0 0 1
113 113 0
0.505419 -0.0427763 -0.861813 0.144776
0.0387521 -0.996637 0.0721949 0.00292699
-0.862003 -0.0698858 -0.502062 0.139914
-0 -0 0 1
114 114 0
0.424691 -0.0805644 -0.901747 0.140652
0.0260078 -0.994536 0.101103 0.00504487
-0.904965 -0.0663901 -0.420275 0.105426
-0 -0 0 1
115 115 0
0.311151 -0.171916 -0.934682 0.152644
0.0145785 -0.982523 0.185569 0.00577006
-0.950249 -0.0713662 -0.303207 0.0669794
-0 -0 0 1
116 116 0
0.172968 -0.222836 -0.959389 0.153186
0.000651563 -0.974044 0.226358 0.00571229
-0.984927 -0.0397776 -0.168333 0.0306292
-0 -0 0 1
117 117 0
0.0233141 -0.24719 -0.968687 0.160716
-0.0128442 -0.968944 0.246946 0.00655222
-0.999646 0.00668472 -0.025765 -0.0108867
-0 -0 0 1
118 118 0
-0.221615 -0.246117 -0.943564 0.160965
-0.0141531 -0.966711 0.255479 0.00798743
-0.975031 0.0699725 0.210755 -0.0532132
-0 -0 0 1
119 119 0
-0.472193 -0.216677 -0.85445 0.145852
-0.0200816 -0.966423 0.25617 0.0075382
-0.881266 0.13812 0.451987 -0.088921
-0 -0 0 1
120 120 0
-0.673578 -0.164051 -0.720681 0.133612
-0.0319074 -0.967694 0.250101 0.00620109
-0.738427 0.191458 0.646582 -0.123465
-0 -0 0 1
121 121 0
-0.82166 -0.107588 -0.559731 0.107615
-0.0357544 -0.97036 0.239003 0.00576408
-0.568855 0.216392 0.79346 -0.159078
-0 -0 0 1
122 122 0
-0.918393 -0.0487338 -0.392657 0.0752606
-0.0419682 -0.974789 0.219144 0.0037056
-0.393437 0.21774 0.893195 -0.17516
-0 -0 0 1
123 123 0
-0.974903 0.00582579 -0.222555 0.0417523
-0.0427882 -0.985924 0.161626 0.00142785
-0.218481 0.167092 0.961429 -0.19196
-0 -0 0 1
124 124 0
-0.999041 0.0348547 0.0265096 0.00415963
-0.0309447 -0.990253 0.135799 0.00178836
0.0309845 0.134848 0.990382 -0.197235
-0 -0 0 1
125 125 0
-0.967979 0.0547157 0.244994 -0.0328859
-0.027178 -0.993062 0.114404 0.00206134
0.249554 0.104082 0.962751 -0.187978
-0 -0 0 1
126 126 0
-0.890067 0.0691525 0.450555 -0.0702377
-0.0215362 -0.993701 0.109972 0.0033977
0.455321 0.088179 0.88595 -0.174136
-0 -0 0 1
127 127 0
-0.773524 0.084571 0.628099 -0.107894
-0.0148495 -0.993203 0.115443 0.003635
0.633593 0.0799711 0.769523 -0.150317
-0 -0 0 1
128 128 0
-0.663841 0.0986758 0.741336 -0.129437
-0.017504 -0.993036 0.116504 0.00179245
0.747669 0.0643639 0.660945 -0.113211
-0 -0 0 1
129 129 0
-0.56091 0.132626 0.817184 -0.149713
-0.0196228 -0.988937 0.147032 0.00241859
0.827644 0.0664363 0.557307 -0.082791
-0 -0 0 1
130 130 0
-0.517822 0.259439 0.8152 -0.172727
-0.0276278 -0.957481 0.287171 0.00290406
0.855042 0.126181 0.502972 -0.0569228
-0 -0 0 1
131 131 0
-0.343232 0.295231 0.891645 -0.184734
-0.019051 -0.951308 0.307653 0.00293244
0.939057 0.0886097 0.332144 -0.0182126
-0 -0 0 1
132 132 0
-0.0581552 0.318631 0.946093 -0.19007
-0.0228267 -0.947874 0.317828 0.00206679
0.998047 -0.0031129 0.0623971 0.0197775
-0 -0 0 1
133 133 0
0.157648 0.313903 0.936276 -0.186436
-0.0438036 -0.944976 0.324195 0.00322471
0.986523 -0.0921209 -0.135223 0.0572255
-0 -0 0 1
134 134 0
0.412194 0.277318 0.867865 -0.17446
-0.0478366 -0.94465 0.324574 0.00278584
0.909839 -0.175303 -0.376114 0.0875242
-0 -0 0 1
135 135 0
0.649486 0.208857 0.731127 -0.153715
-0.053206 -0.946696 0.317703 0.0018716
0.75851 -0.245244 -0.603753 0.112344
-0 -0 0 1
136 136 0
0.757934 0.152976 0.63414 -0.130612
-0.0649064 -0.949605 0.306655 0.00282096
0.649094 -0.273584 -0.709809 0.122801
-0 -0 0 1
137 137 0
0.884296 0.0956506 0.457026 -0.0986983
-0.052078 -0.952482 0.30011 0.00215922
0.464014 -0.289187 -0.837294 0.137699
-0 -0 0 1
138 138 0
0.97035 0.0362543 0.238968 -0.0643784
-0.0377179 -0.953861 0.297869 0.00266038
0.238741 -0.298051 -0.924212 0.15658
-0 -0 0 1
139 139 0
0.995618 -0.0126278 0.0926606 -0.0260925
-0.0391771 -0.956023 0.290662 0.001617
0.0849153 -0.293019 -0.952328 0.155762
-0 -0 0 1
140 140 0
0.993249 -0.0594611 -0.0996079 0.00690957
-0.0282968 -0.956894 0.289055 0.00126527
-0.112502 -0.284285 -0.952116 0.153023
-0 -0 0 1
141 141 0
0.966615 -0.100705 -0.235614 0.043069
-0.0235199 -0.950519 0.309776 -0.000855226
-0.255152 -0.293892 -0.921154 0.150897
-0 -0 0 1
142 142 0
0.923363 -0.15726 -0.350244 0.0669639
-0.0248243 -0.934808 0.354284 -0.00540877
-0.383125 -0.318438 -0.867071 0.139692
-0 -0 0 1
143 143 0
0.844237 -0.201373 -0.496701 0.0811733
-0.0133626 -0.934354 0.356095 -0.00880657
-0.535803 -0.293991 -0.791508 0.138569
-0 -0 0 1
144 144 0
0.844696 -0.198539 -0.497062 0.090818
-0.0402739 -0.949604 0.310854 -0.00913856
-0.533729 -0.242559 -0.810123 0.150243
-0 -0 0 1
145 145 0
0.778302 -0.192914 -0.59752 0.11226
-0.0203656 -0.958887 0.283057 -0.00748482
-0.62756 -0.208135 -0.750233 0.129334
-0 -0 0 1
146 146 0
0.579085 -0.22275 -0.784247 0.134457
0.00743895 -0.960467 0.278294 -0.0060797
-0.815233 -0.16699 -0.554535 0.105483
-0 -0 0 1
147 147 0
0.470801 -0.2421 -0.848371 0.144907
-0.0084403 -0.962803 0.270072 -0.00669605
-0.882199 -0.11999 -0.455333 0.0799833
-0 -0 0 1
148 148 0
0.386645 -0.24608 -0.888791 0.152515
-0.00983408 -0.964788 0.262844 -0.00921821
-0.922176 -0.0928867 -0.37545 0.0614973
-0 -0 0 1
149 149 0
0.397201 -0.203689 -0.894842 0.1528
-0.0123081 -0.976153 0.216735 -0.0111538
-0.917649 -0.0750734 -0.390236 0.0545013
-0 -0 0 1
150 150 0
0.428337 -0.171887 -0.88712 0.152381
-0.00444691 -0.982131 0.188149 -0.0112657
-0.903608 -0.0766461 -0.421447 0.0517873
-0 -0 0 1
