0 0 0
0.682013 0.0333332 0.73058 -1.40066
-0.0181379 -0.997883 0.0624612 -0.0241508
0.731115 -0.0558506 -0.679964 1.14892
-0 -0 0 1
1 1 0
0.685436 0.0343112 0.727324 -1.40012
-0.019198 -0.99769 0.0651579 -0.0238313
0.72788 -0.0586248 -0.683194 1.14965
-0 -0 0 1
2 2 0
0.687305 0.0358276 0.725484 -1.39914
-0.0204038 -0.997436 0.0685877 -0.0240217
0.726082 -0.0619434 -0.684812 1.14931
-0 -0 0 1
3 3 0
0.688648 0.0365548 0.724174 -1.39851
-0.0214769 -0.997262 0.0707631 -0.0238133
0.724778 -0.0642839 -0.685977 1.14858
-0 -0 0 1
4 4 0
0.687987 0.0377159 0.724742 -1.38106
-0.0234754 -0.996969 0.0741675 -0.0242135
0.725343 -0.0680399 -0.685017 1.16762
-0 -0 0 1
5 5 0
0.690283 0.0709676 0.720051 -1.34997
-0.0269282 -0.991969 0.123582 -0.00668302
0.723039 -0.104697 -0.682828 1.18335
-0 -0 0 1
6 6 0
0.689689 0.146996 0.709028 -1.32192
-0.0269662 -0.973285 0.228012 -0.00516584
0.723603 -0.176377 -0.6673 1.16538
-0 -0 0 1
7 7 0
0.668074 0.194533 0.718216 -1.29536
-0.0282876 -0.957884 0.28576 0.00604143
0.743557 -0.211226 -0.634434 1.14789
-0 -0 0 1
8 8 0
0.636248 0.265488 0.724365 -1.26714
-0.0264113 -0.930877 0.364376 -0.00332668
0.771032 -0.250965 -0.585257 1.12635
-0 -0 0 1
9 9 0
0.620643 0.269706 0.736248 -1.23069
-0.0266234 -0.93119 0.363561 -0.0128128
0.783641 -0.245243 -0.570756 1.07577
-0 -0 0 1
10 10 0
0.599834 0.268754 0.753638 -1.23491
-0.0244709 -0.935299 0.353012 -0.0230087
0.79975 -0.230191 -0.554447 1.00313
-0 -0 0 1
11 11 0
0.563934 0.206362 0.79962 -1.23809
-0.0226485 -0.964046 0.264769 -0.0317291
0.825509 -0.167422 -0.538985 0.929513
-0 -0 0 1
12 12 0
0.559026 0.132102 0.818559 -1.22327
-0.0244526 -0.984171 0.175529 -0.0305824
0.828789 -0.118141 -0.546947 0.859435
-0 -0 0 1
13 13 0
0.55592 0.097973 0.825442 -1.21376
-0.023373 -0.990795 0.13334 -0.0362729
0.830907 -0.0934196 -0.548513 0.781862
-0 -0 0 1
14 14 0
0.544508 0.0425667 0.837675 -1.19891
-0.0235713 -0.99754 0.0660122 -0.0382984
0.838424 -0.0556892 -0.542166 0.702018
-0 -0 0 1
15 15 0
0.548496 0.00624455 0.83613 -1.16869
-0.0245397 -0.999421 0.0235619 -0.0309264
0.835793 -0.033442 -0.548025 0.6079
-0 -0 0 1
16 16 0
0.566237 0.00454063 0.82423 -1.12255
-0.0265954 -0.999363 0.0237762 -0.0251865
0.823813 -0.0353837 -0.565756 0.516703
-0 -0 0 1
17 17 0
0.624102 0.00370362 0.781334 -1.06046
-0.0271556 -0.999282 0.0264277 -0.0243192
0.780871 -0.0377112 -0.623553 0.433572
-0 -0 0 1
18 18 0
0.588665 0.00558481 0.808358 -1.01372
-0.0266266 -0.9993 0.0262941 -0.0212112
0.807938 -0.0370023 -0.588104 0.365105
-0 -0 0 1
19 19 0
0.400477 0.0128364 0.916217 -1.00302
-0.0224295 -0.999465 0.0238066 -0.0146517
0.916032 -0.0300843 -0.399975 0.293363
-0 -0 0 1
20 20 0
0.127858 0.0966578 0.987071 -1.00753
-0.0177066 -0.994859 0.0997139 0.0100954
0.991634 -0.0302268 -0.125489 0.215176
-0 -0 0 1
21 21 0
-0.00623437 0.259617 0.965691 -1.00357
-0.0164886 -0.965606 0.259488 0.0162544
0.999845 -0.0143052 0.0103007 0.143494
-0 -0 0 1
22 22 0
-0.0367985 0.405096 0.913533 -0.979391
-0.0181411 -0.914272 0.404694 0.0225455
0.999158 -0.00168041 0.0409928 0.0722394
-0 -0 0 1
23 23 0
-0.0707537 0.49342 0.866909 -0.952213
-0.0145524 -0.869505 0.49371 0.0248867
0.997388 0.0223162 0.0687012 0.0182187
-0 -0 0 1
24 24 0
-0.214399 0.505106 0.836003 -0.926403
-0.00926846 -0.85692 0.515366 0.0191636
0.976702 0.102746 0.188404 -0.0757713
-0 -0 0 1
25 25 0
-0.278123 0.495836 0.822675 -0.897156
-0.00707362 -0.857501 0.514434 0.017855
0.96052 0.137256 0.241998 -0.166123
-0 -0 0 1
26 26 0
-0.341442 0.474658 0.811244 -0.881702
-0.00448151 -0.863927 0.503597 0.00120951
0.939892 0.168314 0.297108 -0.23974
-0 -0 0 1
27 27 0
-0.41214 0.356354 0.838542 -0.868256
-0.00168853 -0.920638 0.390413 -0.00749763
0.911119 0.159489 0.380034 -0.284902
-0 -0 0 1
28 28 0
-0.486194 0.185067 0.854029 -0.88636
-0.00222494 -0.977576 0.210573 -0.0136117
0.873848 0.100479 0.475703 -0.333256
-0 -0 0 1
29 29 0
-0.551682 0.0972942 0.82836 -0.8892
0.00126221 -0.993074 0.117481 -0.0131105
0.834054 0.0658578 0.547739 -0.385711
-0 -0 0 1
30 30 0
-0.634895 0.0613606 0.770158 -0.886462
0.00711564 -0.996334 0.0852467 -0.00983881
0.772566 0.0596029 0.632131 -0.441524
-0 -0 0 1
31 31 0
-0.681625 0.0598985 0.729246 -0.891687
0.0062779 -0.996128 0.0876876 -0.00701512
0.731675 0.0643482 0.67861 -0.521767
-0 -0 0 1
32 32 0
-0.68256 0.0593256 0.728418 -0.902545
0.00700924 -0.996123 0.0876966 -0.00169559
0.730796 0.0649639 0.679498 -0.595272
-0 -0 0 1
33 33 0
-0.644837 0.0647454 0.761573 -0.908538
0.00545833 -0.99599 0.0892962 0.00356108
0.7643 0.0617384 0.641898 -0.6637
-0 -0 0 1
34 34 0
-0.644655 0.0658806 0.76163 -0.938243
0.00657627 -0.995765 0.0916994 0.00251937
0.764446 0.0641231 0.641491 -0.742798
-0 -0 0 1
35 35 0
-0.653241 0.0660914 0.75426 -0.974865
0.0092887 -0.995408 0.0952664 0.0183896
0.757093 0.069238 0.649627 -0.827083
-0 -0 0 1
36 36 0
-0.672277 0.209649 0.709994 -0.990971
0.00871874 -0.956754 0.290769 0.0315657
0.740249 0.201667 0.641375 -0.890728
-0 -0 0 1
37 37 0
-0.682025 0.237928 0.691544 -0.991029
0.0079278 -0.943138 0.332308 0.03687
0.731286 0.232125 0.641357 -0.975577
-0 -0 0 1
38 38 0
-0.689169 0.259333 0.676603 -0.970876
0.00822138 -0.930902 0.365177 0.0349804
0.724554 0.257231 0.639417 -1.06371
-0 -0 0 1
39 39 0
-0.705377 0.254023 0.661752 -0.949178
0.00854859 -0.930464 0.366284 0.0220335
0.708781 0.264025 0.654156 -1.12559
-0 -0 0 1
40 40 0
-0.718788 0.20533 0.664217 -0.956169
0.00679995 -0.95327 0.302044 0.00732406
0.695196 0.221622 0.683803 -1.17769
-0 -0 0 1
41 41 0
-0.717242 0.0942842 0.690416 -1.03002
0.00568519 -0.989979 0.141099 -0.0014877
0.696801 0.105127 0.709519 -1.20432
-0 -0 0 1
42 42 0
-0.703245 0.027736 0.710406 -1.09659
0.00316899 -0.999106 0.0421446 -0.00612076
0.71094 0.0318893 0.702529 -1.19502
-0 -0 0 1
43 43 0
-0.563259 0.0118823 0.826195 -1.1454
-0.00184284 -0.999912 0.0131244 -0.00189035
0.826279 0.00586986 0.563231 -1.16292
-0 -0 0 1
44 44 0
-0.31051 0.0145803 0.950458 -1.18538
-0.00432755 -0.999894 0.0139249 0.000324526
0.95056 0.000210654 0.31054 -1.11739
-0 -0 0 1
45 45 0
-0.138966 0.0168971 0.990153 -1.21153
-0.00613249 -0.99985 0.0162019 0.0139932
0.990278 -0.00382061 0.139048 -1.0583
-0 -0 0 1
46 46 0
-0.118635 0.0804495 0.989673 -1.20696
-0.00571264 -0.996751 0.08034 0.0225937
0.992922 0.00387749 0.118709 -1.01573
-0 -0 0 1
47 47 0
-0.27327 0.121891 0.954183 -1.14532
0.00525732 -0.991735 0.128194 0.0241378
0.961923 0.040048 0.270371 -1.04169
-0 -0 0 1
48 48 0
-0.49919 0.15542 0.85244 -1.06149
0.010419 -0.982635 0.185259 0.0335591
0.86643 0.101361 0.488902 -1.09157
-0 -0 0 1
49 49 0
-0.627834 0.261211 0.733208 -0.977733
0.00991393 -0.939246 0.343103 0.0415849
0.778284 0.222681 0.587101 -1.13038
-0 -0 0 1
50 50 0
-0.704451 0.303901 0.641399 -0.896734
0.010995 -0.898913 0.43799 0.037562
0.709667 0.315595 0.629899 -1.14838
-0 -0 0 1
51 51 0
-0.841226 0.228943 0.48982 -0.820593
0.0131392 -0.897004 0.441827 0.0216402
0.540524 0.378112 0.751575 -1.15232
-0 -0 0 1
52 52 0
-0.870354 0.157656 0.466507 -0.78451
0.0107108 -0.941078 0.338019 0.00598304
0.492311 0.299193 0.817382 -1.16011
-0 -0 0 1
53 53 0
-0.883686 0.0564008 0.46467 -0.750341
0.011934 -0.989677 0.142821 -0.00817097
0.467928 0.131754 0.87389 -1.15891
-0 -0 0 1
54 54 0
-0.886156 -0.0348762 0.462072 -0.68884
0.0170392 -0.998942 -0.0427205 -0.0230976
0.463073 -0.0299837 0.885813 -1.17265
-0 -0 0 1
55 55 0
-0.888446 -0.100405 0.447864 -0.641022
0.0186043 -0.982856 -0.183436 -0.0313132
0.458603 -0.154641 0.875082 -1.19125
-0 -0 0 1
56 56 0
-0.832414 -0.150982 0.53319 -0.582927
0.0177687 -0.968946 -0.246634 -0.0324419
0.553869 -0.195828 0.809247 -1.20962
-0 -0 0 1
57 57 0
-0.640018 -0.197973 0.742418 -0.546892
0.0139801 -0.969077 -0.246362 -0.0296796
0.768233 -0.147297 0.622994 -1.22784
-0 -0 0 1
58 58 0
-0.494655 -0.21079 0.843139 -0.50305
0.0105376 -0.971524 -0.236705 -0.0183165
0.869026 -0.108203 0.48279 -1.23388
-0 -0 0 1
59 59 0
-0.506058 0.0562105 0.860666 -0.46151
0.0132273 -0.997251 0.0729084 0.00559758
0.862398 0.0482802 0.503923 -1.25389
-0 -0 0 1
60 60 0
-0.588135 0.223429 0.777288 -0.417414
0.00908037 -0.959198 0.282589 0.022214
0.808712 0.173258 0.562109 -1.29421
-0 -0 0 1
61 61 0
-0.715319 0.296621 0.63272 -0.366455
0.0130918 -0.899593 0.436533 0.0429405
0.698675 0.320544 0.639613 -1.32305
-0 -0 0 1
62 62 0
-0.889731 0.190467 0.414851 -0.32696
0.0180213 -0.893429 0.448843 0.0664747
0.456129 0.406826 0.791479 -1.35387
-0 -0 0 1
63 63 0
-0.99881 -0.0384222 -0.0300306 -0.266793
0.0205558 -0.890149 0.455206 0.0426002
-0.0442218 0.454048 0.889879 -1.36728
-0 -0 0 1
64 64 0
-0.988821 -0.0788946 -0.126525 -0.193101
0.0212294 -0.914398 0.40426 0.019885
-0.147588 0.397055 0.905851 -1.36958
-0 -0 0 1
65 65 0
-0.94238 -0.135611 -0.305827 -0.135928
0.0237601 -0.93898 0.34315 0.00868552
-0.3337 0.316111 0.888098 -1.40288
-0 -0 0 1
66 66 0
-0.921991 -0.124642 -0.366601 -0.0758108
0.0197051 -0.960651 0.277057 -0.00711555
-0.386708 0.24822 0.888169 -1.45538
-0 -0 0 1
67 67 0
-0.915679 -0.0529377 -0.398408 -0.0149011
0.0208138 -0.996203 0.0845314 -0.0231052
-0.40137 0.0691112 0.913305 -1.49771
-0 -0 0 1
68 68 0
-0.903301 -0.0353984 -0.427545 0.0514826
0.022309 -0.999118 0.0355879 -0.0269305
-0.428428 0.0226084 0.903293 -1.52914
-0 -0 0 1
69 69 0
-0.887497 -0.0241937 -0.460178 0.124583
0.0246339 -0.999684 0.00504932 -0.0298718
-0.460154 -0.00685471 0.887813 -1.55717
-0 -0 0 1
70 70 0
-0.904133 -0.0224132 -0.426663 0.204686
0.026306 -0.999649 -0.0032315 -0.0285596
-0.426441 -0.0141455 0.904405 -1.60163
-0 -0 0 1
71 71 0
-0.942957 -0.0115985 -0.332711 0.279514
0.0287377 -0.998498 -0.046639 -0.0327422
-0.331671 -0.0535399 0.941875 -1.64819
-0 -0 0 1
72 72 0
-0.950491 -0.000450523 -0.310752 0.315594
0.0299431 -0.995479 -0.0901431 -0.0103727
-0.309307 -0.0949851 0.946207 -1.671
-0 -0 0 1
73 73 0
-0.951805 -0.0275727 -0.305463 0.348489
0.0303388 -0.99953 -0.00431127 0.0147719
-0.3052 -0.0133709 0.952194 -1.70293
-0 -0 0 1
74 74 0
-0.953609 -0.0778389 -0.290812 0.411328
0.0332913 -0.987337 0.155104 0.0336785
-0.299203 0.138227 0.944124 -1.72375
-0 -0 0 1
75 75 0
-0.951973 -0.12591 -0.279095 0.475499
0.0336303 -0.949017 0.313426 0.0491801
-0.30433 0.288987 0.907673 -1.73301
-0 -0 0 1
76 76 0
-0.95637 -0.139823 -0.256526 0.553146
0.0363528 -0.928168 0.370381 0.0450826
-0.289887 0.344896 0.892755 -1.7167
-0 -0 0 1
77 77 0
-0.980703 -0.103736 -0.165712 0.633315
0.0361888 -0.929291 0.367571 0.0397288
-0.192125 0.354481 0.915113 -1.71451
-0 -0 0 1
78 78 0
-0.994096 -0.0703537 -0.0826083 0.692768
0.0359779 -0.931965 0.360759 0.0233868
-0.102369 0.355657 0.928993 -1.69965
-0 -0 0 1
79 79 0
-0.993189 -0.0687637 -0.0940567 0.745661
0.0343275 -0.944135 0.327766 0.0101622
-0.111341 0.322304 0.940065 -1.69939
-0 -0 0 1
80 80 0
-0.964974 -0.112468 -0.237017 0.787853
0.0337194 -0.949124 0.313092 0.00487225
-0.260171 0.294133 0.919672 -1.70436
-0 -0 0 1
81 81 0
-0.919197 -0.142112 -0.367261 0.838332
0.0314854 -0.95615 0.291179 -0.00292789
-0.392537 0.256088 0.883365 -1.70153
-0 -0 0 1
82 82 0
-0.83375 -0.164357 -0.527113 0.895737
0.0283509 -0.966153 0.256409 -0.00346921
-0.551414 0.198837 0.810189 -1.70002
-0 -0 0 1
83 83 0
-0.69032 -0.172294 -0.70269 0.963256
0.0262254 -0.976552 0.213679 -0.00987937
-0.723028 0.129078 0.678652 -1.7065
-0 -0 0 1
84 84 0
-0.556798 -0.176527 -0.811674 1.04472
0.021282 -0.979868 0.198508 -0.0230852
-0.830375 0.0932549 0.549345 -1.68655
-0 -0 0 1
85 85 0
-0.528462 -0.130144 -0.838922 1.10942
0.0207913 -0.989867 0.140464 -0.0366286
-0.848702 0.0567877 0.525814 -1.64335
-0 -0 0 1
86 86 0
-0.501243 -0.0737545 -0.862158 1.18476
0.020238 -0.997088 0.0735312 -0.053934
-0.86507 0.0194086 0.501275 -1.60073
-0 -0 0 1
87 87 0
-0.470891 -0.0174048 -0.88202 1.25098
0.0208094 -0.999746 0.00861819 -0.0272454
-0.881946 -0.0142961 0.471134 -1.5348
-0 -0 0 1
88 88 0
-0.453166 -0.0329653 -0.890817 1.31493
0.02076 -0.999435 0.0264241 0.000339292
-0.891184 -0.00651884 0.453594 -1.45272
-0 -0 0 1
89 89 0
-0.453122 -0.151182 -0.878535 1.37368
0.0218152 -0.9871 0.158613 0.0161141
-0.891181 0.0527057 0.450575 -1.37077
-0 -0 0 1
90 90 0
-0.456966 -0.207309 -0.864988 1.44158
0.0210553 -0.974709 0.222483 0.0188177
-0.889235 0.0834543 0.449774 -1.29802
-0 -0 0 1
91 91 0
-0.523406 -0.237338 -0.818363 1.50196
0.022093 -0.963882 0.26541 0.0151032
-0.851797 0.120837 0.509745 -1.20366
-0 -0 0 1
92 92 0
-0.642888 -0.217951 -0.734297 1.56512
0.0256494 -0.96425 0.263749 0.00950096
-0.765531 0.150727 0.625495 -1.11341
-0 -0 0 1
93 93 0
-0.683257 -0.219158 -0.696512 1.63217
0.0272025 -0.960872 0.275654 0.00724974
-0.729671 0.169396 0.662484 -1.04412
-0 -0 0 1
94 94 0
-0.68716 -0.237338 -0.686645 1.71025
0.0266813 -0.95274 0.302612 0.0162148
-0.726016 0.189622 0.661018 -0.981764
-0 -0 0 1
95 95 0
-0.659141 -0.278361 -0.698604 1.75901
0.0284658 -0.937541 0.346709 -0.00429114
-0.75148 0.208644 0.625896 -0.90269
-0 -0 0 1
96 96 0
-0.507821 -0.314094 -0.802161 1.79947
0.0266 -0.936435 0.349831 -0.0194529
-0.861052 0.156314 0.483897 -0.826307
-0 -0 0 1
97 97 0
-0.323464 -0.340088 -0.883013 1.85422
0.0199505 -0.935424 0.352965 -0.0285267
-0.94603 0.096555 0.309361 -0.765326
-0 -0 0 1
98 98 0
-0.0848011 -0.316391 -0.944831 1.92227
0.0136487 -0.948526 0.316404 -0.0617476
-0.996304 0.0139357 0.0847544 -0.717813
-0 -0 0 1
99 99 0
0.0567207 -0.239322 -0.969282 1.98517
0.0076614 -0.970712 0.240123 -0.0623843
-0.998361 -0.021046 -0.0532259 -0.636679
-0 -0 0 1
100 100 0
0.110602 -0.156156 -0.981521 2.01558
0.0081576 -0.987404 0.158011 -0.0760775
-0.993831 -0.0254832 -0.107935 -0.554299
-0 -0 0 1
101 101 0
0.154841 -0.0518674 -0.986577 2.03726
0.0101255 -0.998485 0.0540826 -0.081037
-0.987888 -0.0183638 -0.154081 -0.451092
-0 -0 0 1
102 102 0
0.165924 -0.0127199 -0.986056 2.0651
0.010303 -0.99984 0.0146314 -0.0778034
-0.986085 -0.012587 -0.165766 -0.350468
-0 -0 0 1
103 103 0
0.131366 -0.0153494 -0.991215 2.11351
0.0112875 -0.999792 0.0169782 -0.0729854
-0.99127 -0.0134187 -0.131165 -0.257298
-0 -0 0 1
104 104 0
0.0753443 -0.0168719 -0.997015 2.14218
0.0128225 -0.999758 0.0178873 -0.0727295
-0.997075 -0.014132 -0.0751097 -0.161137
-0 -0 0 1
105 105 0
0.00813376 -0.0171481 -0.99982 2.16255
0.0159589 -0.999723 0.0172763 -0.0736206
-0.99984 -0.0160966 -0.00785785 -0.0563722
-0 -0 0 1
106 106 0
-0.0429533 -0.0175955 -0.998922 2.18019
0.0177064 -0.999701 0.0168478 -0.0678993
-0.99892 -0.0169636 0.043252 0.0465497
-0 -0 0 1
107 107 0
0.0967689 -0.0340434 -0.994724 2.18599
0.0134539 -0.999279 0.0355081 -0.0381596
-0.995216 -0.0168191 -0.0962411 0.116178
-0 -0 0 1
108 108 0
0.276144 -0.164174 -0.946991 2.18402
0.0104549 -0.984732 0.173766 -0.00406956
-0.961059 -0.057885 -0.270211 0.19031
-0 -0 0 1
109 109 0
0.322011 -0.258161 -0.910858 2.16986
0.00319616 -0.961801 0.27373 -0.00106788
-0.946731 -0.0910551 -0.308885 0.287227
-0 -0 0 1
110 110 0
0.33347 -0.26357 -0.905168 2.14907
0.00290216 -0.959833 0.280556 0.00954704
-0.942756 -0.0961841 -0.319311 0.3911
-0 -0 0 1
111 111 0
0.310469 -0.273349 -0.910433 2.11487
0.00219299 -0.957554 0.288244 0.00959691
-0.950581 -0.0914876 -0.296692 0.503271
-0 -0 0 1
112 112 0
0.21968 -0.282736 -0.933703 2.06609
0.00734501 -0.956576 0.29139 0.0146503
-0.975544 -0.0708706 -0.208064 0.607704
-0 -0 0 1
113 113 0
0.243681 -0.280585 -0.928381 2.02817
0.00858426 -0.956575 0.291359 0.0128174
-0.969817 -0.0789681 -0.230691 0.707409
-0 -0 0 1
114 114 0
0.452599 -0.257169 -0.853826 2.00154
0.00287053 -0.957085 0.289792 0.018639
-0.89171 -0.13361 -0.432437 0.78878
-0 -0 0 1
115 115 0
0.590993 -0.238989 -0.770462 1.97538
-0.00573297 -0.956326 0.292245 -0.000971494
-0.806656 -0.168298 -0.566552 0.886357
-0 -0 0 1
116 116 0
0.665395 -0.224108 -0.712057 1.94022
-0.00940499 -0.956313 0.292194 -0.00935424
-0.746432 -0.187728 -0.638434 0.984495
-0 -0 0 1
117 117 0
0.693654 -0.21818 -0.68647 1.90086
-0.0113157 -0.956206 0.292476 -0.0187573
-0.72022 -0.195109 -0.665745 1.08331
-0 -0 0 1
118 118 0
0.720614 -0.206842 -0.661764 1.862
-0.0115683 -0.957917 0.286812 -0.0364128
-0.69324 -0.199025 -0.692682 1.16228
-0 -0 0 1
119 119 0
0.768047 -0.172102 -0.616835 1.83841
-0.0156341 -0.967964 0.250603 -0.051425
-0.640203 -0.182832 -0.746132 1.22919
-0 -0 0 1
120 120 0
0.803 -0.101569 -0.587261 1.8038
-0.0198493 -0.989382 0.143976 -0.0390781
-0.595649 -0.103956 -0.796489 1.30472
-0 -0 0 1
121 121 0
0.812622 -0.0917999 -0.575516 1.76977
-0.0198371 -0.991301 0.130112 0.00313232
-0.582453 -0.0943149 -0.807374 1.37823
-0 -0 0 1
122 122 0
0.818044 -0.0886696 -0.568279 1.74076
-0.0211235 -0.99201 0.124378 0.00929543
-0.574767 -0.0897423 -0.813381 1.45898
-0 -0 0 1
123 123 0
0.823635 -0.087581 -0.560317 1.68439
-0.0208967 -0.992019 0.124342 0.00020673
-0.566736 -0.0907033 -0.818892 1.52494
-0 -0 0 1
124 124 0
0.897531 -0.0741152 -0.434679 1.62898
-0.0261993 -0.992995 0.115214 -0.00916776
-0.440173 -0.0920202 -0.893185 1.5794
-0 -0 0 1
125 125 0
0.950107 -0.0604854 -0.306004 1.54097
-0.0301254 -0.994227 0.102985 -0.0139206
-0.310466 -0.0886287 -0.946444 1.60079
-0 -0 0 1
126 126 0
0.960478 -0.0557803 -0.272709 1.43501
-0.0296186 -0.994634 0.0991277 -0.00809704
-0.276775 -0.0871327 -0.956976 1.61975
-0 -0 0 1
127 127 0
0.948225 -0.0588152 -0.312107 1.34091
-0.028098 -0.994385 0.102022 -0.00553482
-0.316355 -0.0879705 -0.944553 1.63382
-0 -0 0 1
128 128 0
0.911723 -0.0698413 -0.404825 1.26599
-0.0251496 -0.993083 0.114688 0.000456573
-0.410035 -0.0943827 -0.907173 1.63549
-0 -0 0 1
129 129 0
0.879391 -0.152426 -0.451041 1.18976
-0.0233734 -0.960045 0.278868 0.000450512
-0.475527 -0.234692 -0.847817 1.61298
-0 -0 0 1
130 130 0
0.868125 -0.182841 -0.461442 1.10945
-0.0238595 -0.943975 0.329152 0.00397818
-0.495772 -0.274735 -0.823851 1.58757
-0 -0 0 1
131 131 0
0.855629 -0.203986 -0.475697 1.02113
-0.0230823 -0.933188 0.358647 0.00326306
-0.517074 -0.295889 -0.803171 1.55959
-0 -0 0 1
132 132 0
0.877215 -0.195506 -0.438488 0.932854
-0.0208351 -0.927972 0.372068 0.00426684
-0.479646 -0.317247 -0.818104 1.51422
-0 -0 0 1
133 133 0
0.928083 -0.160408 -0.336053 0.836761
-0.0268736 -0.92896 0.369203 -0.0007704
-0.371403 -0.33362 -0.866463 1.46854
-0 -0 0 1
134 134 0
0.962141 -0.125571 -0.241902 0.749618
-0.0294985 -0.930307 0.365594 -0.00220968
-0.270951 -0.344617 -0.898791 1.42232
-0 -0 0 1
135 135 0
0.984887 -0.0862304 -0.150206 0.668731
-0.0323035 -0.943488 0.329827 -0.01278
-0.170159 -0.31999 -0.932015 1.39895
-0 -0 0 1
136 136 0
0.992935 -0.0547877 -0.105253 0.629257
-0.0368424 -0.985532 0.165438 -0.000939966
-0.112794 -0.160391 -0.980588 1.39876
-0 -0 0 1
137 137 0
0.995243 -0.042407 -0.087705 0.59666
-0.0393643 -0.998571 0.0361367 -0.0013986
-0.0891122 -0.0325123 -0.995491 1.37452
-0 -0 0 1
138 138 0
0.991614 -0.0385615 -0.123349 0.534489
-0.0374363 -0.999234 0.0114274 0.00279155
-0.123696 -0.00671386 -0.992297 1.35516
-0 -0 0 1
139 139 0
0.975634 -0.0370025 -0.216262 0.47504
-0.0343986 -0.999283 0.0157935 0.00959691
-0.216692 -0.00796949 -0.976208 1.34403
-0 -0 0 1
140 140 0
0.961241 -0.0680078 -0.267189 0.408887
-0.0315221 -0.989854 0.138544 0.0134715
-0.2739 -0.124752 -0.953633 1.3154
-0 -0 0 1
141 141 0
0.960615 -0.106023 -0.256863 0.336543
-0.0300944 -0.95861 0.283128 0.0227471
-0.27625 -0.264247 -0.924045 1.30015
-0 -0 0 1
142 142 0
0.973241 -0.108359 -0.202632 0.285213
-0.0285772 -0.932062 0.36117 0.0164586
-0.228001 -0.345715 -0.910218 1.28216
-0 -0 0 1
143 143 0
0.988343 -0.0927572 -0.120728 0.210212
-0.0335278 -0.906113 0.421706 0.0234262
-0.148509 -0.412742 -0.89866 1.24748
-0 -0 0 1
144 144 0
0.992836 -0.0879008 -0.0809386 0.143448
-0.0324066 -0.850069 0.525674 0.0187596
-0.115011 -0.519285 -0.846827 1.21568
-0 -0 0 1
145 145 0
0.997288 0.00381759 0.0734938 0.067025
-0.0353801 -0.850803 0.524292 0.0169267
0.0645303 -0.525471 -0.848361 1.19959
-0 -0 0 1
146 146 0
0.987168 0.0502482 0.151575 -0.0114651
-0.0367942 -0.852087 0.522105 0.0160462
0.15539 -0.520982 -0.839304 1.19936
-0 -0 0 1
147 147 0
0.980849 0.0628766 0.18434 -0.0678478
-0.0377017 -0.867262 0.496422 0.0137977
0.191084 -0.493865 -0.848283 1.24287
-0 -0 0 1
148 148 0
0.982271 0.0386479 0.183441 -0.111481
-0.0395503 -0.913772 0.404297 -0.00793586
0.183248 -0.404384 -0.896043 1.31688
-0 -0 0 1
149 149 0
0.996827 -0.0230547 0.0761915 -0.114582
-0.0461868 -0.947066 0.317698 -0.0256167
0.0648339 -0.320209 -0.945126 1.37195
-0 -0 0 1
150 150 0
0.998661 -0.0454953 -0.0246096 -0.0923558
-0.0362739 -0.955175 0.293811 -0.0381662
-0.0368734 -0.292525 -0.955547 1.42294
-0 -0 0 1
151 151 0
0.99682 -0.053222 -0.0593072 -0.0810594
-0.0371843 -0.968929 0.244529 -0.0532203
-0.0704788 -0.241546 -0.967827 1.43646
-0 -0 0 1
152 152 0
0.99478 -0.0515954 -0.0880339 -0.0819711
-0.0342397 -0.981507 0.18834 -0.0587147
-0.0961234 -0.184342 -0.97815 1.44773
-0 -0 0 1
153 153 0
0.994245 -0.0428662 -0.0981767 -0.0807693
-0.0332927 -0.994712 0.0971557 -0.0675808
-0.101822 -0.0933281 -0.990415 1.44675
-0 -0 0 1
154 154 0
0.993475 -0.0357492 -0.108298 -0.0831822
-0.0319956 -0.998832 0.0362024 -0.0731325
-0.109466 -0.0325011 -0.993459 1.44522
-0 -0 0 1
155 155 0
0.993345 -0.028362 -0.111631 -0.0891514
-0.0298922 -0.99948 -0.0120571 -0.071793
-0.111231 0.0153138 -0.993677 1.43629
-0 -0 0 1
156 156 0
0.997932 -0.0273509 -0.0581707 -0.118445
-0.0283255 -0.999471 -0.0159973 -0.0543531
-0.0577024 0.017612 -0.998178 1.39672
-0 -0 0 1
157 157 0
0.999398 -0.0298573 0.0176495 -0.170692
-0.0295704 -0.99943 -0.0162948 -0.0511557
0.0181259 0.0157631 -0.999711 1.32158
-0 -0 0 1
158 158 0
0.998936 -0.0285999 0.0361708 -0.233864
-0.0294197 -0.999317 0.022341 -0.0388074
0.0355072 -0.0233813 -0.999096 1.23801
-0 -0 0 1
159 159 0
0.996781 -0.0197902 0.0776928 -0.300001
-0.029749 -0.991173 0.129197 -0.0113036
0.0744502 -0.131092 -0.988571 1.20961
-0 -0 0 1
160 160 0
0.974834 0.0461897 0.218096 -0.357207
-0.0274893 -0.94593 0.323205 0.00800215
0.221232 -0.321067 -0.920854 1.213
-0 -0 0 1
161 161 0
0.948758 0.109073 0.296583 -0.430185
-0.0334831 -0.898561 0.43757 0.0134906
0.314225 -0.425078 -0.848865 1.22549
-0 -0 0 1
162 162 0
0.942003 0.135201 0.307166 -0.513634
-0.0331507 -0.8733 0.486053 0.0158858
0.333963 -0.468046 -0.81817 1.23169
-0 -0 0 1
163 163 0
0.940115 0.140622 0.310498 -0.600034
-0.0315683 -0.871098 0.490093 0.0278816
0.339392 -0.470546 -0.814493 1.22875
-0 -0 0 1
164 164 0
0.945478 0.11786 0.303612 -0.669168
-0.031869 -0.89427 0.446392 0.0286487
0.324122 -0.43173 -0.841756 1.23287
-0 -0 0 1
165 165 0
0.892414 0.110566 0.437461 -0.724055
-0.0292217 -0.953316 0.300557 0.0253127
0.45027 -0.281005 -0.847522 1.2217
-0 -0 0 1
166 166 0
0.839667 0.065939 0.539084 -0.791516
-0.0332461 -0.9845 0.172204 0.02353
0.542083 -0.162517 -0.82446 1.19693
-0 -0 0 1
167 167 0
0.770352 0.0603451 0.634757 -0.857102
-0.0341214 -0.990183 0.135545 0.0194467
0.636705 -0.126076 -0.760731 1.18851
-0 -0 0 1
168 168 0
0.688461 0.0358316 0.724388 -0.935888
-0.0338887 -0.996099 0.0814796 0.0134646
0.724481 -0.0806441 -0.684561 1.16922
-0 -0 0 1
169 169 0
0.635642 0.0101337 0.771918 -0.982516
-0.0339833 -0.998577 0.0410931 0.00060126
0.771236 -0.0523527 -0.634393 1.12155
-0 -0 0 1
170 170 0
0.68661 -0.000366334 0.727026 -0.97096
-0.0346703 -0.998879 0.0322396 0.00331977
0.726199 -0.0473422 -0.685853 1.05062
-0 -0 0 1
171 171 0
0.739059 -0.00217758 0.673637 -0.97848
-0.0367744 -0.998634 0.0371177 0.0269103
0.672636 -0.0522047 -0.73813 0.979744
-0 -0 0 1
172 172 0
0.762893 -0.00217055 0.646521 -1.00013
-0.0359125 -0.998593 0.0390241 0.0329948
0.645526 -0.0529894 -0.761898 0.938585
-0 -0 0 1
173 173 0
0.727296 0.0134576 0.686192 -1.01351
-0.0363444 -0.99765 0.0580874 0.0389325
0.685361 -0.067186 -0.725097 0.91568
-0 -0 0 1
174 174 0
0.684132 0.109628 0.721072 -1.03419
-0.0379245 -0.981955 0.185273 0.0400248
0.728372 -0.154097 -0.667629 0.911666
-0 -0 0 1
175 175 0
0.644095 0.212019 0.734976 -1.03656
-0.0382014 -0.950707 0.307729 0.0460742
0.763991 -0.226283 -0.604246 0.873951
-0 -0 0 1
176 176 0
0.604526 0.25964 0.753084 -1.04788
-0.0353909 -0.935702 0.35101 0.041715
0.795799 -0.238847 -0.556468 0.843537
-0 -0 0 1
177 177 0
0.588436 0.211112 0.780497 -1.0353
-0.0332028 -0.958188 0.284207 0.0326627
0.807862 -0.193152 -0.556822 0.798383
-0 -0 0 1
178 178 0
0.543951 0.0996244 0.833182 -1.0222
-0.0312662 -0.989831 0.138767 0.0345296
0.838535 -0.101533 -0.535304 0.732004
-0 -0 0 1
179 179 0
0.486828 0.00771803 0.873464 -1.02753
-0.0296475 -0.999239 0.0253535 0.0350526
0.872995 -0.0382388 -0.486228 0.673448
-0 -0 0 1
180 180 0
0.387568 -0.00947726 0.921792 -1.01546
-0.0281795 -0.999602 0.00157084 0.0250282
0.92141 -0.0265845 -0.387681 0.594529
-0 -0 0 1
181 181 0
0.316763 -0.0190221 0.948314 -0.987194
-0.0263411 -0.99959 -0.011252 0.0248696
0.948139 -0.0214155 -0.317134 0.522382
-0 -0 0 1
182 182 0
0.248601 -0.0219375 0.968357 -0.966202
-0.0269374 -0.999513 -0.0157278 0.0207186
0.968231 -0.022175 -0.249071 0.45464
-0 -0 0 1
183 183 0
0.271845 -0.0216416 0.962098 -0.932372
-0.0282323 -0.999496 -0.0145057 0.017503
0.961927 -0.0232189 -0.272319 0.40359
-0 -0 0 1
184 184 0
0.378791 -0.0203831 0.925258 -0.878187
-0.0321122 -0.999445 -0.00887094 0.0118553
0.924925 -0.0263519 -0.379236 0.383729
-0 -0 0 1
185 185 0
0.662083 -0.0205348 0.749149 -0.811781
-0.0346317 -0.999395 0.00321254 -0.00289565
0.74863 -0.0280713 -0.662394 0.406005
-0 -0 0 1
186 186 0
0.83124 -0.0243256 0.555381 -0.752142
-0.0337334 -0.999408 0.00671498 -0.016086
0.554889 -0.0243167 -0.831569 0.462079
-0 -0 0 1
187 187 0
0.875607 -0.0242872 0.482413 -0.71047
-0.0323424 -0.999442 0.00838614 -0.0103355
0.48194 -0.0229453 -0.875904 0.51023
-0 -0 0 1
188 188 0
0.880306 -0.0243155 0.473782 -0.686317
-0.0318678 -0.999461 0.00791724 0.0120887
0.473334 -0.022068 -0.880607 0.556924
-0 -0 0 1
189 189 0
0.877529 -0.0235149 0.478946 -0.676103
-0.0314241 -0.99947 0.00850454 0.0367954
0.478492 -0.0225134 -0.877803 0.611416
-0 -0 0 1
190 190 0
0.767685 -0.0252978 0.640328 -0.67321
-0.0330969 -0.999452 0.000193704 0.0358146
0.639972 -0.0213416 -0.768102 0.653548
-0 -0 0 1
191 191 0
0.571707 -0.027079 0.820011 -0.708827
-0.0309786 -0.999455 -0.0114066 0.0352199
0.819873 -0.0188815 -0.572234 0.62784
-0 -0 0 1
192 192 0
0.430879 0.0824943 0.898631 -0.751636
-0.0270655 -0.994183 0.104243 0.0408006
0.902004 -0.0692383 -0.42614 0.579319
-0 -0 0 1
193 193 0
0.343168 0.120984 0.93145 -0.782985
-0.0275287 -0.989948 0.138725 0.0333282
0.93887 -0.0732476 -0.336388 0.501909
-0 -0 0 1
194 194 0
0.317906 0.134414 0.938546 -0.799346
-0.0274818 -0.988178 0.150831 0.0276157
0.947724 -0.0737429 -0.310454 0.424537
-0 -0 0 1
195 195 0
0.277004 0.135096 0.951324 -0.799685
-0.0244808 -0.988753 0.14754 0.00105475
0.960557 -0.0641581 -0.270581 0.344295
-0 -0 0 1
196 196 0
0.205863 0.134718 0.969263 -0.783296
-0.0197566 -0.989705 0.141755 -0.0146948
0.978381 -0.0483315 -0.201082 0.273373
-0 -0 0 1
197 197 0
0.0221073 0.134856 0.990618 -0.778678
-0.0180249 -0.990646 0.135262 -0.0255235
0.999593 -0.0208461 -0.0194697 0.193677
-0 -0 0 1
198 198 0
-0.167736 0.136116 0.97639 -0.809815
-0.0144767 -0.990655 0.135618 -0.0246853
0.985726 0.00861308 0.168139 0.10412
-0 -0 0 1
199 199 0
-0.258375 0.133351 0.956797 -0.833612
-0.0116445 -0.990785 0.134943 -0.0380501
0.965974 0.0237246 0.257547 0.00699892
-0 -0 0 1
200 200 0
-0.301175 0.206604 0.930918 -0.84589
-0.0062009 -0.97665 0.214747 -0.0241059
0.953549 0.0589038 0.295424 -0.085235
-0 -0 0 1
201 201 0
-0.354881 0.400562 0.844754 -0.852764
-0.00876233 -0.904951 0.425425 -0.0227563
0.93487 0.143574 0.32466 -0.125221
-0 -0 0 1
202 202 0
-0.436509 0.508988 0.741884 -0.866676
-0.00989793 -0.827257 0.561737 -0.0228147
0.899646 0.23786 0.366143 -0.167203
-0 -0 0 1
203 203 0
-0.423751 0.514186 0.745686 -0.876898
-0.0113199 -0.826196 0.563269 -0.0231012
0.905708 0.230244 0.355922 -0.216868
-0 -0 0 1
204 204 0
-0.418497 0.504033 0.75552 -0.885625
-0.0117027 -0.834795 0.550437 -0.0278802
0.908143 0.221515 0.355258 -0.260135
-0 -0 0 1
205 205 0
-0.414299 0.491727 0.765872 -0.901299
-0.0124511 -0.844471 0.535456 -0.0195638
0.910055 0.212303 0.355987 -0.316402
-0 -0 0 1
206 206 0
-0.378382 0.45828 0.804243 -0.905086
-0.0127267 -0.871335 0.490523 -0.0191755
0.925562 0.17537 0.335529 -0.352522
-0 -0 0 1
207 207 0
-0.353593 0.442124 0.824317 -0.926817
-0.0154297 -0.883883 0.467454 -0.0125287
0.935272 0.152569 0.319357 -0.393297
-0 -0 0 1
208 208 0
-0.297597 0.423848 0.855446 -0.929606
-0.0137037 -0.897849 0.44009 -0.00458121
0.954593 0.119247 0.273006 -0.434224
-0 -0 0 1
209 209 0
-0.318877 0.401111 0.858736 -0.931307
-0.0123642 -0.907718 0.419399 0.00621272
0.947716 0.123119 0.29441 -0.471697
-0 -0 0 1
210 210 0
-0.455722 0.34494 0.820569 -0.93201
-0.00753447 -0.923323 0.38395 0.00959691
0.89009 0.168792 0.423378 -0.512136
-0 -0 0 1
211 211 0
-0.547741 0.294946 0.782935 -0.924751
-0.00684714 -0.937348 0.348326 0.00712764
0.83662 0.185432 0.515444 -0.560656
-0 -0 0 1
212 212 0
-0.559759 0.259688 0.786913 -0.927468
-0.00691432 -0.951057 0.308939 0.0083128
0.828627 0.16749 0.534158 -0.598079
-0 -0 0 1
213 213 0
-0.556685 0.256243 0.790216 -0.92209
-0.0059342 -0.95244 0.304667 0.0107175
0.830702 0.164914 0.53173 -0.636306
-0 -0 0 1
214 214 0
-0.537195 0.259052 0.802692 -0.915914
-0.00543541 -0.952711 0.30383 0.0123491
0.843441 0.158853 0.513199 -0.673412
-0 -0 0 1
215 215 0
-0.522593 0.262308 0.811228 -0.914697
-0.00402742 -0.952244 0.305311 0.0089579
0.852573 0.156286 0.498692 -0.730712
-0 -0 0 1
216 216 0
-0.524791 0.261502 0.810069 -0.92861
-0.00485379 -0.952547 0.304352 0.0105524
0.851217 0.155789 0.501157 -0.772873
-0 -0 0 1
217 217 0
-0.539896 0.226149 0.810783 -0.932202
-0.00692446 -0.964393 0.264384 0.0141084
0.841703 0.137126 0.522238 -0.783928
-0 -0 0 1
218 218 0
-0.54555 0.0268884 0.837647 -0.923864
-0.00826131 -0.999609 0.0267069 0.0170939
0.838037 0.00764992 0.545559 -0.76957
-0 -0 0 1
219 219 0
-0.568784 -0.0932534 0.817183 -0.904014
-0.00603608 -0.993052 -0.117524 0.0399555
0.822465 -0.0717785 0.564269 -0.765999
-0 -0 0 1
220 220 0
-0.602529 -0.090429 0.792958 -0.847202
-0.00548897 -0.993067 -0.11742 0.0540845
0.798078 -0.0751017 0.597855 -0.796008
-0 -0 0 1
221 221 0
-0.629229 -0.0881044 0.77221 -0.767536
-0.0036053 -0.993213 -0.116257 0.0511977
0.777212 -0.0759364 0.62464 -0.853029
-0 -0 0 1
222 222 0
-0.641835 -0.0871281 0.761877 -0.696412
-0.00246966 -0.993284 -0.115672 0.0418636
0.766839 -0.0761242 0.63731 -0.907166
-0 -0 0 1
223 223 0
-0.639057 -0.0865603 0.764274 -0.635808
0.00016296 -0.993663 -0.112404 0.040924
0.76916 -0.0717081 0.635021 -0.964681
-0 -0 0 1
224 224 0
-0.634415 0.0323305 0.772316 -0.604996
-0.000979657 -0.999158 0.0410218 0.0374277
0.772992 0.0252682 0.633913 -0.999487
-0 -0 0 1
225 225 0
-0.648153 0.179636 0.740019 -0.589341
-0.000617886 -0.971902 0.235384 0.0327866
0.761509 0.152108 0.630053 -1.02621
-0 -0 0 1
226 226 0
-0.706804 0.273854 0.652252 -0.54812
0.000188097 -0.921956 0.387295 0.0279143
0.707409 0.273865 0.651591 -1.05447
-0 -0 0 1
227 227 0
-0.788227 0.259801 0.557854 -0.503271
0.00375361 -0.904467 0.426527 0.0169191
0.615373 0.338294 0.71195 -1.0812
-0 -0 0 1
228 228 0
-0.858517 0.216689 0.464753 -0.461364
0.00438635 -0.903193 0.429212 0.00370168
0.512767 0.370524 0.774456 -1.12055
-0 -0 0 1
229 229 0
-0.937629 0.138184 0.318994 -0.400648
0.0127589 -0.903308 0.428803 0.000430648
0.347403 0.406129 0.845204 -1.18423
-0 -0 0 1
230 230 0
-0.972176 0.0699451 0.223566 -0.400813
0.0117338 -0.938644 0.344689 -0.0100125
0.233958 0.337721 0.911706 -1.23971
-0 -0 0 1
231 231 0
-0.971513 0.0414848 0.233329 -0.428132
0.00972248 -0.976754 0.214144 -0.0139584
0.236789 0.210312 0.948525 -1.29799
-0 -0 0 1
232 232 0
-0.953533 0.0109371 0.301089 -0.388008
0.0107778 -0.997463 0.0703656 -0.0193028
0.301095 0.070341 0.950996 -1.31203
-0 -0 0 1
233 233 0
-0.95366 -0.00931666 0.300743 -0.346569
0.0132279 -0.999852 0.0109715 -0.0164374
0.300597 0.0144413 0.953642 -1.33198
-0 -0 0 1
234 234 0
-0.97323 -0.0100765 0.229611 -0.318595
0.0135256 -0.999818 0.0134522 -0.0144146
0.229433 0.0161977 0.97319 -1.35828
-0 -0 0 1
235 235 0
-0.940671 -0.0113482 0.339129 -0.249651
0.0153664 -0.99984 0.00916561 -0.0121786
0.338971 0.013833 0.940695 -1.37007
-0 -0 0 1
236 236 0
-0.928044 -0.0132555 0.372235 -0.171359
0.0173153 -0.999821 0.00756579 -0.0145317
0.372069 0.0134668 0.928108 -1.38403
-0 -0 0 1
237 237 0
-0.964384 -0.0173432 0.263936 -0.0945077
0.0201852 -0.999764 0.00805947 -0.0122801
0.263734 0.0131 0.964507 -1.4111
-0 -0 0 1
238 238 0
-0.995788 -0.0219352 0.0890215 -0.0115701
0.0230426 -0.999669 0.0114307 -0.0118291
0.0887413 0.0134338 0.995964 -1.45262
-0 -0 0 1
239 239 0
-0.998779 -0.025148 -0.0425176 0.0639016
0.024558 -0.999596 0.0143411 -0.00266117
-0.0428611 0.0132794 0.998993 -1.49108
-0 -0 0 1
240 240 0
-0.993517 -0.0376076 -0.107284 0.131179
0.0254625 -0.993336 0.112407 0.0136131
-0.110797 0.108946 0.987854 -1.5406
-0 -0 0 1
241 241 0
-0.989959 -0.063671 -0.1262 0.214072
0.0260515 -0.959696 0.279832 0.0307744
-0.138931 0.273734 0.951718 -1.57019
-0 -0 0 1
242 242 0
-0.983567 -0.0837184 -0.159958 0.307023
0.0288545 -0.947493 0.318472 0.0642067
-0.178221 0.308623 0.934339 -1.58519
-0 -0 0 1
243 243 0
-0.894173 -0.175215 -0.412012 0.394606
0.0304593 -0.941917 0.334462 0.0587759
-0.446684 0.286517 0.847574 -1.56487
-0 -0 0 1
244 244 0
-0.761291 -0.232709 -0.605213 0.473652
0.0296334 -0.944891 0.326042 0.0458556
-0.647733 0.230278 0.726232 -1.53086
-0 -0 0 1
245 245 0
-0.662421 -0.222779 -0.71524 0.563473
0.0257395 -0.960963 0.275476 0.0185966
-0.74869 0.164071 0.642296 -1.51293
-0 -0 0 1
246 246 0
-0.659424 -0.203359 -0.723744 0.640098
0.0254359 -0.968202 0.248872 0.000409024
-0.751341 0.145703 0.643628 -1.4584
-0 -0 0 1
247 247 0
-0.661594 -0.15514 -0.733638 0.696197
0.0244066 -0.982301 0.185714 0.00590148
-0.749465 0.104962 0.65367 -1.40963
-0 -0 0 1
248 248 0
-0.668591 -0.15204 -0.727922 0.759
0.0240996 -0.982791 0.18314 0.0167006
-0.74324 0.104903 0.66075 -1.32859
-0 -0 0 1
249 249 0
-0.706088 -0.144718 -0.693179 0.815317
0.0240842 -0.983236 0.180742 0.0221086
-0.707715 0.110925 0.697736 -1.239
-0 -0 0 1
250 250 0
-0.741526 -0.150521 -0.653821 0.871867
0.0228833 -0.979616 0.199572 0.0457762
-0.670534 0.133026 0.729855 -1.16185
-0 -0 0 1
251 251 0
-0.744497 -0.204576 -0.63551 0.935753
0.0214093 -0.958722 0.283539 0.062477
-0.667282 0.197488 0.718145 -1.09821
-0 -0 0 1
252 252 0
-0.739031 -0.254567 -0.623721 0.998762
0.0225776 -0.934694 0.354736 0.0660965
-0.673293 0.248079 0.696516 -1.01632
-0 -0 0 1
253 253 0
-0.687881 -0.293655 -0.663767 1.04974
0.025952 -0.923868 0.381831 0.0534814
-0.725359 0.245428 0.643132 -0.915646
-0 -0 0 1
254 254 0
-0.35524 -0.373009 -0.857128 1.10581
0.0233927 -0.920196 0.390759 0.0424924
-0.934482 0.118763 0.335616 -0.832897
-0 -0 0 1
255 255 0
-0.0133377 -0.355169 -0.934707 1.12308
0.0121583 -0.934779 0.355023 0.0267859
-0.999837 -0.00662923 0.0167861 -0.730161
-0 -0 0 1
256 256 0
0.134543 -0.136007 -0.981529 1.12967
0.0168087 -0.99008 0.139496 0.0255948
-0.990765 -0.0352665 -0.130922 -0.640367
-0 -0 0 1
257 257 0
0.336391 -0.0223263 -0.941458 1.12485
0.0083779 -0.999608 0.0266988 0.00840939
-0.941685 -0.0168687 -0.336072 -0.55979
-0 -0 0 1
258 258 0
0.400845 0.0237257 -0.915839 1.12705
-0.000148422 -0.999663 -0.0259622 -0.0120886
-0.916146 0.0105428 -0.400706 -0.457018
-0 -0 0 1
259 259 0
0.359183 0.0316627 -0.93273 1.1495
-0.000193491 -0.999422 -0.0340012 -0.0160135
-0.933267 0.0123931 -0.358969 -0.353727
-0 -0 0 1
260 260 0
0.209094 0.0393705 -0.977103 1.19658
0.00745962 -0.999224 -0.0386656 -0.0179348
-0.977867 0.000795939 -0.209226 -0.246219
-0 -0 0 1
261 261 0
-0.0274971 0.0526733 -0.998233 1.24921
0.0178841 -0.998425 -0.0531761 -0.023211
-0.999462 -0.0193147 0.0265118 -0.135768
-0 -0 0 1
262 262 0
-0.124784 0.0562661 -0.990587 1.28022
0.0214194 -0.998005 -0.0593856 -0.0211841
-0.991953 -0.0286282 0.12333 -0.0353053
-0 -0 0 1
263 263 0
-0.0823611 0.0530897 -0.995187 1.29869
0.0193494 -0.998307 -0.0548574 0.00588906
-0.996415 -0.0237744 0.0811944 0.0532795
-0 -0 0 1
264 264 0
0.0669328 -0.0738236 -0.995023 1.30031
0.014733 -0.997077 0.0749671 0.0300449
-0.997649 -0.0196774 -0.0656495 0.155746
-0 -0 0 1
265 265 0
0.112831 -0.141865 -0.983435 1.29488
0.0107033 -0.989524 0.143971 0.0297773
-0.993557 -0.0267703 -0.11013 0.261687
-0 -0 0 1
266 266 0
0.136225 -0.310837 -0.94065 1.27009
0.0103287 -0.949004 0.315094 0.0375159
-0.990624 -0.0526393 -0.126067 0.366631
-0 -0 0 1
267 267 0
0.168145 -0.454785 -0.874584 1.24942
0.00772793 -0.886581 0.462509 0.039364
-0.985732 -0.0845273 -0.14556 0.45895
-0 -0 0 1
268 268 0
0.263521 -0.577914 -0.77238 1.23521
0.00709465 -0.799499 0.600626 0.0340824
-0.964628 -0.163757 -0.206585 0.553493
-0 -0 0 1
269 269 0
0.456301 -0.54983 -0.699625 1.19853
0.00181772 -0.785673 0.61864 0.0261558
-0.889824 -0.283558 -0.357504 0.657668
-0 -0 0 1
270 270 0
0.600669 -0.488496 -0.632905 1.17027
-0.00383442 -0.793379 0.608716 0.0123507
-0.799489 -0.36321 -0.478431 0.756088
-0 -0 0 1
271 271 0
0.726084 -0.378215 -0.574243 1.13762
-0.00935452 -0.84049 0.541746 -0.000284701
-0.687542 -0.387981 -0.613804 0.843948
-0 -0 0 1
272 272 0
0.764492 -0.294396 -0.573483 1.10711
-0.0145557 -0.897284 0.441215 -0.0224004
-0.644468 -0.328958 -0.690252 0.947141
-0 -0 0 1
273 273 0
0.75956 -0.200071 -0.618902 1.08201
-0.0177487 -0.957538 0.287759 -0.0131807
-0.650195 -0.207586 -0.730859 1.05005
-0 -0 0 1
274 274 0
0.732782 -0.108703 -0.671725 1.02838
-0.0124502 -0.989134 0.146487 -0.0327508
-0.68035 -0.0989797 -0.726173 1.11629
-0 -0 0 1
275 275 0
0.737044 -0.0689048 -0.672323 0.961107
-0.014783 -0.996195 0.0858917 -0.0594835
-0.675683 -0.053367 -0.735258 1.10837
-0 -0 0 1
276 276 0
0.841198 -0.0340901 -0.539652 0.884715
-0.0202349 -0.999296 0.0315844 -0.0615637
-0.540348 -0.0156489 -0.841296 1.08217
-0 -0 0 1
277 277 0
0.852954 -0.00583588 -0.521954 0.782021
-0.0190098 -0.999621 -0.0198883 -0.0654364
-0.52164 0.026886 -0.852742 1.07482
-0 -0 0 1
278 278 0
0.847653 0.00255956 -0.530544 0.686462
-0.0173486 -0.99932 -0.032539 -0.0654979
-0.530267 0.036786 -0.847032 1.09122
-0 -0 0 1
279 279 0
0.865911 0.00253384 -0.500192 0.60989
-0.0175165 -0.99922 -0.0353856 -0.0618148
-0.499891 0.0394024 -0.865191 1.1044
-0 -0 0 1
280 280 0
0.938899 -0.00773681 -0.344106 0.508416
-0.0223829 -0.999004 -0.0386108 -0.0496743
-0.343464 0.0439537 -0.938137 1.1047
-0 -0 0 1
281 281 0
0.978563 -0.054859 -0.198506 0.39932
-0.0238356 -0.987561 0.155421 -0.0227912
-0.204563 -0.147358 -0.967698 1.0973
-0 -0 0 1
282 282 0
0.99207 -0.0631454 -0.108671 0.287321
-0.0293479 -0.957111 0.28823 -0.00456796
-0.12221 -0.282755 -0.951375 1.09192
-0 -0 0 1
283 283 0
0.992062 -0.0767755 -0.0995911 0.186423
-0.0287579 -0.909512 0.414681 0.0108921
-0.122417 -0.408526 -0.9045 1.07956
-0 -0 0 1
284 284 0
0.988151 -0.103587 -0.113254 0.0882984
-0.0281855 -0.847823 0.52953 0.0202496
-0.150872 -0.520064 -0.840697 1.06645
-0 -0 0 1
285 285 0
0.987643 -0.109916 -0.111716 -0.00706968
-0.0255717 -0.816291 0.577074 0.0267478
-0.154622 -0.567086 -0.809015 1.05279
-0 -0 0 1
286 286 0
0.99376 -0.0890459 -0.0671636 -0.0976603
-0.0229666 -0.752637 0.658035 0.0244331
-0.109145 -0.652386 -0.749986 1.03997
-0 -0 0 1
287 287 0
0.994677 0.0457388 0.0923388 -0.189901
-0.0259319 -0.756147 0.653888 0.0114321
0.0997297 -0.652801 -0.750936 1.00776
-0 -0 0 1
288 288 0
0.97394 0.105878 0.200576 -0.278491
-0.024064 -0.831121 0.555571 -0.014547
0.225526 -0.545919 -0.806914 0.996827
-0 -0 0 1
289 289 0
0.950586 0.0700637 0.302453 -0.348566
-0.0295807 -0.949331 0.312884 -0.0322258
0.309049 -0.30637 -0.900348 0.983179
-0 -0 0 1
290 290 0
0.938422 0.00539947 0.34545 -0.396167
-0.0311527 -0.994482 0.100171 -0.0424405
0.344084 -0.104764 -0.933076 0.961654
-0 -0 0 1
291 291 0
0.921895 -0.0298066 0.386292 -0.443997
-0.0315275 -0.999501 -0.00188106 -0.0450074
0.386156 -0.0104447 -0.922375 0.928702
-0 -0 0 1
292 292 0
0.876567 -0.0532789 0.478322 -0.492123
-0.0326027 -0.998144 -0.051433 -0.0463576
0.480175 0.0294898 -0.876677 0.872001
-0 -0 0 1
293 293 0
0.834799 -0.0615551 0.547103 -0.546773
-0.0311303 -0.997418 -0.0647202 -0.0474093
0.549674 0.0369969 -0.834559 0.814681
-0 -0 0 1
294 294 0
0.806963 -0.0619829 0.587341 -0.620964
-0.0280765 -0.997379 -0.0666798 -0.0465621
