0 0 0
0.999844 0.0172733 -0.0035907 -0.132347
-0.0171462 0.999314 0.0328299 0.0689703
0.00415531 -0.0327632 0.999455 -1.74495
-0 -0 0 1
1 1 0
0.999841 0.0175711 -0.00303696 -0.132861
-0.0174636 0.999323 0.0323895 0.0692755
0.00360402 -0.0323313 0.999471 -1.74297
-0 -0 0 1
2 2 0
0.999838 0.0176347 -0.00358274 -0.109463
-0.0175107 0.999331 0.0321054 0.0708234
0.00414652 -0.0320374 0.999478 -1.74747
-0 -0 0 1
3 3 0
0.999846 0.0174882 0.00131175 -0.107008
-0.0175208 0.999354 0.0313863 0.0765547
-0.000762012 -0.0314045 0.999506 -1.80643
-0 -0 0 1
4 4 0
0.999633 0.0174573 0.0207192 -0.156543
-0.0181944 0.999188 0.0359386 0.0764679
-0.020075 -0.0363024 0.999139 -1.83447
-0 -0 0 1
5 5 0
0.998043 0.0173702 0.0600764 -0.234142
-0.0196538 0.999098 0.037632 0.0700659
-0.0593686 -0.038739 0.997484 -1.84288
-0 -0 0 1
6 6 0
0.988703 0.0151805 0.149114 -0.301756
-0.0207236 0.999148 0.03569 0.0480821
-0.148445 -0.038377 0.988176 -1.84104
-0 -0 0 1
7 7 0
0.973099 0.0122802 0.23006 -0.374954
-0.020752 0.999191 0.0344409 0.0577143
-0.229451 -0.0382886 0.972567 -1.79729
-0 -0 0 1
8 8 0
0.944417 0.00896207 0.328627 -0.472037
-0.0210664 0.999224 0.033291 0.0655051
-0.328074 -0.0383636 0.943873 -1.73873
-0 -0 0 1
9 9 0
0.929173 0.00125906 0.369644 -0.531678
-0.0206809 0.998605 0.0485841 0.0759993
-0.369067 -0.0527876 0.927902 -1.67527
-0 -0 0 1
10 10 0
0.909043 -0.00913275 0.416603 -0.603047
-0.0209391 0.997496 0.0675568 0.0750662
-0.416177 -0.0701353 0.906575 -1.62251
-0 -0 0 1
11 11 0
0.863097 -0.0261672 0.504359 -0.668654
-0.0201308 0.996081 0.086128 0.0801921
-0.504636 -0.08449 0.859188 -1.55973
-0 -0 0 1
12 12 0
0.854402 -0.0379076 0.518228 -0.692889
-0.0188422 0.994419 0.103805 0.0790513
-0.51927 -0.0984561 0.84892 -1.46424
-0 -0 0 1
13 13 0
0.856455 -0.04419 0.514326 -0.712425
-0.0175592 0.993259 0.114579 0.0697812
-0.515922 -0.107163 0.849906 -1.35992
-0 -0 0 1
14 14 0
0.909311 -0.0416672 0.414026 -0.724913
-0.00904936 0.992759 0.119785 0.0662971
-0.416019 -0.112669 0.902349 -1.27876
-0 -0 0 1
15 15 0
0.970355 -0.0217071 0.240706 -0.725846
-0.0132849 0.989662 0.142804 0.0710857
-0.241317 -0.141768 0.960035 -1.2058
-0 -0 0 1
16 16 0
0.97569 -0.0173391 0.21847 -0.730777
-0.0164492 0.988259 0.151897 0.0706895
-0.218539 -0.151798 0.963949 -1.14061
-0 -0 0 1
17 17 0
0.975235 -0.01886 0.220366 -0.723387
-0.0155981 0.988012 0.153589 0.0611368
-0.220621 -0.153222 0.963249 -1.06531
-0 -0 0 1
18 18 0
0.970946 -0.0214542 0.238336 -0.732365
-0.015811 0.988045 0.153352 0.0365165
-0.238776 -0.152665 0.958999 -0.994959
-0 -0 0 1
19 19 0
0.940864 -0.0345394 0.33702 -0.726964
-0.0179937 0.988291 0.151518 0.0329861
-0.338307 -0.148622 0.929225 -0.920436
-0 -0 0 1
20 20 0
0.914434 -0.0459404 0.402118 -0.712079
-0.0167029 0.988407 0.150905 0.0297059
-0.404389 -0.144709 0.903066 -0.833197
-0 -0 0 1
21 21 0
0.88937 -0.0525441 0.454158 -0.714598
-0.0170393 0.988874 0.147776 0.0255603
-0.45687 -0.139167 0.87858 -0.741093
-0 -0 0 1
22 22 0
0.872308 -0.054467 0.485914 -0.694807
-0.0154474 0.99021 0.138725 0.0258669
-0.488713 -0.128517 0.862927 -0.640852
-0 -0 0 1
23 23 0
0.868912 -0.0512881 0.492302 -0.703878
-0.0155901 0.991288 0.130789 0.0345024
-0.494721 -0.121319 0.860542 -0.55143
-0 -0 0 1
24 24 0
0.865651 -0.0493688 0.498208 -0.718776
-0.0158361 0.991928 0.125809 0.031661
-0.500397 -0.116796 0.857882 -0.486605
-0 -0 0 1
25 25 0
0.79451 -0.0530471 0.60493 -0.772423
-0.0225801 0.992907 0.116726 0.0349071
-0.606832 -0.106399 0.787677 -0.465148
-0 -0 0 1
26 26 0
0.67915 -0.0668597 0.730948 -0.782344
-0.0226359 0.993461 0.111904 0.0353031
-0.73365 -0.0925451 0.673196 -0.437889
-0 -0 0 1
27 27 0
0.504485 -0.0801887 0.859689 -0.807271
-0.0223271 0.994133 0.105831 0.03925
-0.863132 -0.0725846 0.499735 -0.463732
-0 -0 0 1
28 28 0
0.247481 -0.0986135 0.963861 -0.859362
-0.0138916 0.994344 0.105299 0.042327
-0.968793 -0.0394491 0.244711 -0.496439
-0 -0 0 1
29 29 0
0.135476 -0.101663 0.985551 -0.8935
-0.0120157 0.99448 0.104236 0.0517278
-0.990708 -0.0259635 0.133507 -0.534877
-0 -0 0 1
30 30 0
-1.97587e-05 -0.112297 0.993675 -0.887011
-0.010181 0.993623 0.112291 0.0567757
-0.999948 -0.0101144 -0.00116293 -0.551624
-0 -0 0 1
31 31 0
-0.0917748 -0.13114 0.987107 -0.841252
-0.0113059 0.991363 0.130655 0.0497497
-0.995716 0.00083065 -0.0924648 -0.534188
-0 -0 0 1
32 32 0
-0.0358204 -0.123933 0.991644 -0.799766
-0.00850997 0.992283 0.123705 -0.00579204
-0.999322 -0.00400768 -0.0365987 -0.525818
-0 -0 0 1
33 33 0
0.106786 -0.0223947 0.99403 -0.766606
-0.0100314 0.999671 0.0235995 -0.0280223
-0.994231 -0.0124916 0.106526 -0.475731
-0 -0 0 1
34 34 0
0.267823 0.0246694 0.963152 -0.706215
-0.0144662 0.999662 -0.0215819 0.00256124
-0.963359 -0.00815307 0.26809 -0.431029
-0 -0 0 1
35 35 0
0.413678 0.026927 0.910025 -0.640181
-0.0130736 0.999635 -0.0236356 0.0281693
-0.910329 -0.00211978 0.413879 -0.387499
-0 -0 0 1
36 36 0
0.512168 0.0289989 0.858396 -0.639526
-0.0146916 0.999579 -0.0250026 0.0645389
-0.85876 0.000194302 0.512378 -0.31597
-0 -0 0 1
37 37 0
0.628883 0.0262016 0.777058 -0.641248
-0.013844 0.999651 -0.0225031 0.099741
-0.777377 0.00339421 0.629026 -0.256467
-0 -0 0 1
38 38 0
0.693463 0.0267308 0.719996 -0.650079
-0.0152847 0.999632 -0.0223912 0.123093
-0.72033 0.00452253 0.693617 -0.192444
-0 -0 0 1
39 39 0
0.700405 0.029395 0.71314 -0.662246
-0.0185733 0.999564 -0.0229595 0.122492
-0.713504 0.00283561 0.700646 -0.11319
-0 -0 0 1
40 40 0
0.686811 0.0300461 0.726214 -0.65075
-0.0191838 0.999546 -0.023212 0.118392
-0.726582 0.0020107 0.687076 -0.0251654
-0 -0 0 1
41 41 0
0.641574 0.0323268 0.76638 -0.642186
-0.0208633 0.999477 -0.0246935 0.110913
-0.766777 -0.000146453 0.641913 0.0585182
-0 -0 0 1
42 42 0
0.605865 0.0311718 0.794957 -0.615058
-0.0199723 0.999513 -0.0239713 0.105952
-0.795317 -0.00135382 0.606192 0.152963
-0 -0 0 1
43 43 0
0.591189 0.0310297 0.805936 -0.603115
-0.0203606 0.999515 -0.0235473 0.103517
-0.806276 -0.00248844 0.591534 0.25911
-0 -0 0 1
44 44 0
0.544938 0.0324485 0.837848 -0.61608
-0.0216282 0.999462 -0.0246405 0.0892061
-0.838197 -0.00469355 0.545347 0.363312
-0 -0 0 1
45 45 0
0.396186 0.0369731 0.917425 -0.662333
-0.0257951 0.999243 -0.0291309 0.087683
-0.917808 -0.0121238 0.39684 0.42662
-0 -0 0 1
46 46 0
0.179333 0.037845 0.98306 -0.740825
-0.0245616 0.999121 -0.0339827 0.103278
-0.983482 -0.0180514 0.180105 0.422605
-0 -0 0 1
47 47 0
-0.00020873 0.00105992 0.999999 -0.824407
-0.022397 0.999749 -0.00106433 0.123205
-0.999749 -0.0223972 -0.000184939 0.416845
-0 -0 0 1
48 48 0
-0.174724 -0.0277883 0.984225 -0.890803
-0.0189716 0.999511 0.0248519 0.126442
-0.984435 -0.0143301 -0.175166 0.410785
-0 -0 0 1
49 49 0
-0.192718 -0.127247 0.972969 -0.905236
-0.0160437 0.991832 0.126536 0.135224
-0.981123 0.00877572 -0.193185 0.411888
-0 -0 0 1
50 50 0
-0.182399 -0.145407 0.972413 -0.879315
-0.015724 0.989309 0.144984 0.136566
-0.983099 0.0111548 -0.182736 0.436465
-0 -0 0 1
51 51 0
-0.146831 -0.152834 0.977283 -0.804953
-0.0127206 0.988201 0.152631 0.130972
-0.98908 0.00997931 -0.147043 0.426464
-0 -0 0 1
52 52 0
-0.129981 -0.156346 0.979112 -0.714985
-0.0126722 0.987671 0.156031 0.113663
-0.991435 0.00787355 -0.13036 0.449223
-0 -0 0 1
53 53 0
-0.106363 -0.158084 0.98168 -0.618214
-0.0111885 0.987409 0.157794 0.105128
-0.994264 0.00579992 -0.106792 0.486224
-0 -0 0 1
54 54 0
-0.0845996 -0.147576 0.985426 -0.583293
-0.0143192 0.989049 0.146889 0.0964866
-0.996312 -0.00168374 -0.0857863 0.586943
-0 -0 0 1
55 55 0
-0.101846 -0.1379 0.985196 -0.57051
-0.0158984 0.990445 0.136992 0.0849508
-0.994673 -0.00171091 -0.103066 0.695185
-0 -0 0 1
56 56 0
-0.239604 -0.118946 0.963557 -0.57866
-0.0183569 0.992844 0.117996 0.0784415
-0.970697 0.0105844 -0.240073 0.77275
-0 -0 0 1
57 57 0
-0.507188 -0.0977779 0.856271 -0.591558
-0.0153176 0.994409 0.104479 0.0754917
-0.861699 0.0398744 -0.50585 0.823248
-0 -0 0 1
58 58 0
-0.706153 -0.0754764 0.704025 -0.619894
-0.0144556 0.995632 0.0922395 0.0865529
-0.707912 0.054958 -0.704159 0.870119
-0 -0 0 1
59 59 0
-0.834973 -0.058698 0.547151 -0.654505
-0.0112081 0.995903 0.0897359 0.0873313
-0.550176 0.0687946 -0.83221 0.888734
-0 -0 0 1
60 60 0
-0.895555 -0.0402711 0.443125 -0.672782
-0.00583914 0.996874 0.0787949 0.0839604
-0.444912 0.0679777 -0.89299 0.871256
-0 -0 0 1
61 61 0
-0.915747 -0.0272471 0.400831 -0.639263
-0.0041576 0.998287 0.0583615 0.085963
-0.401734 0.0517779 -0.914291 0.919952
-0 -0 0 1
62 62 0
-0.919036 -0.0257466 0.393333 -0.604408
-0.00582716 0.998643 0.0517534 0.0716956
-0.394132 0.0452712 -0.917938 0.981079
-0 -0 0 1
63 63 0
-0.919828 -0.0229146 0.391653 -0.593143
-0.00659913 0.999055 0.0429536 0.0815419
-0.392267 0.0369254 -0.91911 1.07009
-0 -0 0 1
64 64 0
-0.916928 -0.022495 0.398419 -0.57447
-0.0076365 0.999216 0.0388417 0.0831958
-0.39898 0.0325725 -0.916381 1.1444
-0 -0 0 1
65 65 0
-0.907745 -0.0225798 0.418915 -0.61425
-0.00764417 0.999275 0.0372974 0.0872733
-0.419453 0.0306543 -0.907259 1.24253
-0 -0 0 1
66 66 0
-0.835882 -0.0249899 0.54834 -0.672906
-0.00648069 0.999343 0.0356647 0.0930674
-0.548871 0.0262579 -0.835495 1.30401
-0 -0 0 1
67 67 0
-0.707217 -0.0328796 0.706231 -0.709738
-0.00923346 0.999262 0.0372757 0.0967982
-0.706936 0.0198411 -0.706999 1.33789
-0 -0 0 1
68 68 0
-0.59977 -0.0389505 0.799224 -0.679735
-0.0098294 0.999098 0.0413151 0.0891878
-0.800112 0.0169237 -0.599612 1.31639
-0 -0 0 1
69 69 0
-0.496534 -0.0433036 0.866937 -0.627028
-0.0107178 0.998985 0.0437608 0.0744531
-0.867951 0.012437 -0.496494 1.28286
-0 -0 0 1
70 70 0
-0.442565 -0.00194323 0.896734 -0.552904
-0.0103784 0.999942 -0.00295516 0.0602702
-0.896676 -0.0106145 -0.442559 1.27956
-0 -0 0 1
71 71 0
-0.342172 0.0369821 0.938909 -0.451148
-0.0065963 0.999106 -0.041757 0.059263
-0.939614 -0.0204814 -0.341622 1.27104
-0 -0 0 1
72 72 0
-0.270387 0.0412423 0.961868 -0.361864
-0.00885238 0.998933 -0.04532 0.0656824
-0.962711 -0.0207688 -0.269734 1.27402
-0 -0 0 1
73 73 0
-0.316938 0.0382883 0.947673 -0.301819
-0.016523 0.99881 -0.0458803 0.061314
-0.948302 -0.0301996 -0.315928 1.28066
-0 -0 0 1
74 74 0
-0.487872 0.0327277 0.872302 -0.248549
-0.019863 0.998622 -0.0485763 0.0607595
-0.872689 -0.0410255 -0.48655 1.31376
-0 -0 0 1
75 75 0
-0.678178 0.0265452 0.734418 -0.20565
-0.0169922 0.998514 -0.0517819 0.0588911
-0.734701 -0.0475967 -0.676719 1.33709
-0 -0 0 1
76 76 0
-0.792843 0.0203757 0.609085 -0.175577
-0.0150756 0.998479 -0.0530259 0.0555498
-0.609239 -0.0512236 -0.79133 1.32873
-0 -0 0 1
77 77 0
-0.925508 0.0082045 0.37864 -0.152418
-0.0137847 0.998373 -0.055327 0.0543216
-0.378478 -0.056425 -0.923889 1.34459
-0 -0 0 1
78 78 0
-0.97842 0.000383042 0.206627 -0.134161
-0.0113172 0.998398 -0.0554401 0.0595583
-0.206317 -0.0565821 -0.976848 1.3405
-0 -0 0 1
79 79 0
-0.98787 -0.00143147 0.15528 -0.132284
-0.0101088 0.998429 -0.0551066 0.0731917
-0.154957 -0.0560078 -0.986332 1.33405
-0 -0 0 1
80 80 0
-0.994712 -0.00612162 0.102522 -0.141188
-0.00971386 0.999355 -0.0345762 0.0874728
-0.102244 -0.0353893 -0.99413 1.34388
-0 -0 0 1
81 81 0
-0.999015 -0.0109151 0.0430096 -0.139107
-0.00738785 0.99666 0.0813333 0.112062
-0.0437537 0.0809355 -0.995759 1.34738
-0 -0 0 1
82 82 0
-0.999219 -0.014829 0.0366211 -0.102225
-0.00872041 0.98681 0.161651 0.121493
-0.0385351 0.161205 -0.986168 1.33675
-0 -0 0 1
83 83 0
-0.997205 -0.0214304 0.0715717 -0.0282134
-0.0094149 0.986387 0.164172 0.115169
-0.0741156 0.163039 -0.983832 1.31417
-0 -0 0 1
84 84 0
-0.996343 -0.024965 0.0817113 0.0801406
-0.0111871 0.986244 0.164915 0.107197
-0.0847044 0.163398 -0.982917 1.31444
-0 -0 0 1
85 85 0
-0.9961 -0.0260646 0.0842937 0.183996
-0.011797 0.986136 0.165519 0.10276
-0.0874393 0.163879 -0.982598 1.31944
-0 -0 0 1
86 86 0
-0.998482 -0.0211264 0.0508693 0.288887
-0.0124627 0.986221 0.164961 0.0962071
-0.0536534 0.164077 -0.984987 1.36581
-0 -0 0 1
87 87 0
-0.999872 -0.0108114 -0.0117608 0.407815
-0.0125976 0.986329 0.164306 0.0909384
0.00982367 0.164433 -0.986339 1.38476
-0 -0 0 1
88 88 0
-0.994872 0.00373366 -0.101077 0.5272
-0.012872 0.986519 0.163137 0.0855982
0.100323 0.163601 -0.981412 1.40967
-0 -0 0 1
89 89 0
-0.98333 0.0154072 -0.181174 0.65082
-0.0126756 0.988171 0.152832 0.0828369
0.181385 0.152581 -0.971503 1.39998
-0 -0 0 1
90 90 0
-0.963241 0.0233396 -0.267622 0.774065
-0.0132506 0.990878 0.134108 0.0783952
0.268311 0.132725 -0.954145 1.38922
-0 -0 0 1
91 91 0
-0.930892 0.0285992 -0.364172 0.87648
-0.0131937 0.993648 0.111759 0.0808847
0.365055 0.10884 -0.924602 1.35368
-0 -0 0 1
92 92 0
-0.89443 0.0371866 -0.445659 0.976251
-0.0133322 0.993877 0.109688 0.0833077
0.447009 0.10405 -0.888457 1.30535
-0 -0 0 1
93 93 0
-0.871671 0.0432534 -0.48818 1.00901
-0.0122923 0.993855 0.110005 0.0844448
0.489938 0.101889 -0.865782 1.20749
-0 -0 0 1
94 94 0
-0.851888 0.0499938 -0.521332 0.999141
-0.0108326 0.993538 0.112978 0.0898383
0.523612 0.101892 -0.845842 1.09047
-0 -0 0 1
95 95 0
-0.838777 0.0540923 -0.541781 0.962069
-0.0100233 0.99335 0.114696 0.0927582
0.544382 0.101634 -0.832657 0.978769
-0 -0 0 1
96 96 0
-0.837549 0.0561629 -0.543468 0.923025
-0.00848606 0.993245 0.115722 0.0945597
0.546297 0.101534 -0.831415 0.880101
-0 -0 0 1
97 97 0
-0.84052 0.0566616 -0.538809 0.886426
-0.00758276 0.993188 0.116273 0.0938945
0.541727 0.101816 -0.834365 0.773207
-0 -0 0 1
98 98 0
-0.855675 0.0551721 -0.514565 0.831278
-0.00632092 0.993113 0.116994 0.0924048
0.517475 0.103361 -0.849433 0.666751
-0 -0 0 1
99 99 0
-0.861931 0.0545305 -0.504084 0.803272
-0.00579754 0.993075 0.117341 0.0902411
0.506992 0.104063 -0.855646 0.5544
-0 -0 0 1
100 100 0
-0.879517 0.0510117 -0.473126 0.769441
-0.0056411 0.99305 0.117556 0.0942437
0.475835 0.106061 -0.873116 0.449714
-0 -0 0 1
101 101 0
-0.892096 0.0481809 -0.44927 0.743537
-0.00554607 0.993056 0.117511 0.0984732
0.451812 0.107322 -0.885634 0.362978
-0 -0 0 1
102 102 0
-0.897582 0.0458088 -0.438461 0.715663
-0.00624263 0.993166 0.116542 0.10295
0.440803 0.107343 -0.891162 0.283582
-0 -0 0 1
103 103 0
-0.903482 0.0457139 -0.426181 0.714328
-0.00495813 0.993115 0.117036 0.101741
0.428597 0.107853 -0.897035 0.212961
-0 -0 0 1
104 104 0
-0.903351 0.0428055 -0.426762 0.755562
-0.00770031 0.993228 0.115924 0.103165
0.428834 0.108006 -0.896904 0.13095
-0 -0 0 1
105 105 0
-0.876477 0.0477101 -0.479073 0.77209
-0.00878126 0.993328 0.114989 0.0961699
0.481363 0.104993 -0.870211 0.0556531
-0 -0 0 1
106 106 0
-0.864947 0.050238 -0.499343 0.818926
-0.00818309 0.993433 0.114122 0.0961317
0.501797 0.102796 -0.858856 0.0190751
-0 -0 0 1
107 107 0
-0.754051 0.0593087 -0.654133 0.876567
-0.0161065 0.993946 0.108685 0.098558
0.656619 0.0924902 -0.74853 0.00170293
-0 -0 0 1
108 108 0
-0.515985 0.0774933 -0.853085 0.894232
-0.0192021 0.994603 0.101963 0.105686
0.856382 0.0689924 -0.511712 -0.00880955
-0 -0 0 1
109 109 0
-0.155853 0.101185 -0.982584 0.92845
-0.0113909 0.994489 0.104218 0.0971554
0.987715 0.0274351 -0.153842 -0.0396325
-0 -0 0 1
110 110 0
0.0396892 0.10402 -0.993783 0.942327
-0.00962507 0.99456 0.103717 0.0982684
0.999166 0.00544879 0.0404745 -0.0814576
-0 -0 0 1
111 111 0
0.225536 0.105748 -0.968479 0.964909
-0.00928024 0.99428 0.106404 0.0982568
0.974191 -0.0150103 0.225227 -0.146648
-0 -0 0 1
112 112 0
0.409001 0.101193 -0.906906 0.964865
-0.00861199 0.994216 0.107051 0.10658
0.912493 -0.0359738 0.407507 -0.205637
-0 -0 0 1
113 113 0
0.570146 0.0953816 -0.815988 0.962514
-0.00807164 0.99384 0.110531 0.10461
0.821504 -0.0564325 0.567404 -0.272739
-0 -0 0 1
114 114 0
0.685333 0.0852713 -0.72322 0.970451
-0.00771913 0.993916 0.109873 0.105716
0.728189 -0.069717 0.681822 -0.352084
-0 -0 0 1
115 115 0
0.749534 0.0769736 -0.657476 0.946039
-0.00650709 0.994025 0.108957 0.109537
0.661934 -0.0773884 0.745556 -0.431885
-0 -0 0 1
116 116 0
0.774572 0.0750495 -0.628018 0.957562
-0.00771389 0.993982 0.109269 0.115658
0.632439 -0.0797923 0.77049 -0.549013
-0 -0 0 1
117 117 0
0.780114 0.0769733 -0.620884 0.972066
-0.00890996 0.993669 0.111994 0.113682
0.625574 -0.0818359 0.775861 -0.639051
-0 -0 0 1
118 118 0
0.78504 0.0752216 -0.614861 1.00572
-0.00802071 0.993751 0.111334 0.111409
0.619393 -0.08247 0.780737 -0.752262
-0 -0 0 1
119 119 0
0.785804 0.0758622 -0.613805 0.985251
-0.00854815 0.993686 0.111869 0.110627
0.618416 -0.0826607 0.781492 -0.874702
-0 -0 0 1
120 120 0
0.786794 0.077136 -0.612377 0.975589
-0.0099488 0.993616 0.112375 0.108547
0.617136 -0.0823236 0.782538 -1.01765
-0 -0 0 1
121 121 0
0.788164 0.0799148 -0.610255 0.925614
-0.011908 0.993329 0.1147 0.110685
0.61535 -0.0831355 0.783858 -1.12667
-0 -0 0 1
122 122 0
0.795791 0.080791 -0.600159 0.915384
-0.0130033 0.993112 0.116447 0.103016
0.605432 -0.0848634 0.79136 -1.26293
-0 -0 0 1
123 123 0
0.794385 0.0817459 -0.601888 0.9156
-0.0135338 0.993039 0.117008 0.0936813
0.607263 -0.0848038 0.789962 -1.38274
-0 -0 0 1
124 124 0
0.7914 0.0828227 -0.605662 0.885047
-0.0126539 0.992786 0.119226 0.0943863
0.611168 -0.0866918 0.786739 -1.44095
-0 -0 0 1
125 125 0
0.754117 0.091982 -0.650267 0.777031
-0.0124831 0.991972 0.12584 0.0980614
0.656621 -0.086781 0.749211 -1.43594
-0 -0 0 1
126 126 0
0.752815 0.0930482 -0.651623 0.672163
-0.0131733 0.99189 0.126418 0.0901812
0.658101 -0.086585 0.747935 -1.47824
-0 -0 0 1
127 127 0
0.77842 0.090108 -0.621243 0.589733
-0.0140915 0.991903 0.126214 0.0818864
0.627586 -0.0894929 0.773387 -1.53473
-0 -0 0 1
128 128 0
0.816372 0.0837465 -0.571423 0.534762
-0.014575 0.992103 0.124578 0.0774046
0.577343 -0.0933733 0.811145 -1.61027
-0 -0 0 1
129 129 0
0.843922 0.0705041 -0.531813 0.470426
-0.0142226 0.993918 0.109197 0.0330204
0.536278 -0.0845902 0.839792 -1.63234
-0 -0 0 1
130 130 0
0.917369 0.0272945 -0.397102 0.398577
-0.0156641 0.999349 0.0325028 -0.0226904
0.39773 -0.0235968 0.917199 -1.68307
-0 -0 0 1
131 131 0
0.965196 0.0180537 -0.260903 0.312197
-0.0165122 0.999831 0.00809931 -0.0640324
0.261005 -0.00350936 0.965331 -1.70766
-0 -0 0 1
132 132 0
0.987184 0.0182756 -0.158536 0.211251
-0.0174845 0.999827 0.00638315 -0.0592304
0.158625 -0.00352942 0.987333 -1.72842
-0 -0 0 1
133 133 0
0.995281 0.017842 -0.0953837 0.126665
-0.0173122 0.99983 0.00637842 -0.0595553
0.0954813 -0.00469702 0.99542 -1.73116
-0 -0 0 1
134 134 0
0.998259 0.0188001 -0.0559101 0.0593937
-0.0183308 0.999792 0.0088941 -0.0466362
0.0560657 -0.00785373 0.998396 -1.75081
-0 -0 0 1
135 135 0
0.99976 0.0185439 -0.0116576 0.0402747
-0.0176635 0.99728 0.0715609 -0.046532
0.012953 -0.0713378 0.997368 -1.79001
-0 -0 0 1
136 136 0
0.998947 0.01316 0.0439532 -0.020979
-0.0168377 0.996291 0.0843808 -0.0525105
-0.0426797 -0.085032 0.995464 -1.79958
-0 -0 0 1
137 137 0
0.995058 0.00867565 0.0989165 -0.0936513
-0.0172207 0.996158 0.0858632 -0.0480015
-0.0977915 -0.0871423 0.991384 -1.77413
-0 -0 0 1
138 138 0
0.990814 0.00406266 0.135174 -0.153448
-0.0165593 0.995672 0.0914535 -0.0518143
-0.134217 -0.0928517 0.986592 -1.72351
-0 -0 0 1
139 139 0
0.976562 -0.00408063 0.215197 -0.23098
-0.0167226 0.99536 0.0947611 -0.0634618
-0.214585 -0.0961388 0.971962 -1.67492
-0 -0 0 1
140 140 0
0.950967 -0.0134081 0.309003 -0.318441
-0.0165973 0.995408 0.0942711 -0.0670892
-0.308848 -0.0947773 0.946377 -1.61082
-0 -0 0 1
141 141 0
0.922488 -0.0219591 0.385401 -0.410993
-0.0164997 0.995225 0.0961984 -0.0635046
-0.385674 -0.0951008 0.917721 -1.55922
-0 -0 0 1
142 142 0
0.907871 -0.0309354 0.418107 -0.492705
-0.016333 0.993907 0.109004 -0.0658754
-0.418932 -0.10579 0.901834 -1.51669
-0 -0 0 1
143 143 0
0.900788 -0.0546575 0.430805 -0.618126
-0.0162552 0.987108 0.159226 -0.0558119
-0.433955 -0.150432 0.888287 -1.52138
-0 -0 0 1
144 144 0
0.895202 -0.0782854 0.43873 -0.718624
-0.0161601 0.978101 0.207503 -0.0524376
-0.445367 -0.192847 0.874333 -1.53405
-0 -0 0 1
145 145 0
0.881605 -0.105405 0.460068 -0.818874
-0.0154711 0.967767 0.25137 -0.0525796
-0.471735 -0.228727 0.851558 -1.57476
-0 -0 0 1
146 146 0
0.872302 -0.110944 0.476214 -0.915718
-0.0150248 0.967378 0.252893 -0.060899
-0.488736 -0.227754 0.842179 -1.56377
-0 -0 0 1
147 147 0
0.859921 -0.115883 0.497098 -0.957253
-0.01578 0.967386 0.252814 -0.061022
-0.510183 -0.225245 0.830047 -1.53659
-0 -0 0 1
148 148 0
0.83954 -0.128577 0.527864 -0.894986
-0.0130606 0.966535 0.256201 -0.0572642
-0.543141 -0.221985 0.809766 -1.4759
-0 -0 0 1
149 149 0
0.834019 -0.133304 0.53539 -0.836293
-0.0118307 0.96583 0.258906 -0.0552591
-0.551609 -0.222267 0.803943 -1.38666
-0 -0 0 1
150 150 0
0.838551 -0.12975 0.529148 -0.768463
-0.0112256 0.966908 0.25488 -0.0771647
-0.544708 -0.21967 0.809345 -1.33714
-0 -0 0 1
151 151 0
0.856163 -0.0847731 0.509705 -0.727348
-0.00855376 0.983989 0.178023 -0.0891694
-0.516636 -0.156777 0.84173 -1.29438
-0 -0 0 1
152 152 0
0.877418 -0.0307122 0.478743 -0.701623
-0.0091306 0.996699 0.0806741 -0.0960874
-0.47964 -0.0751561 0.874241 -1.25734
-0 -0 0 1
153 153 0
0.900166 0.00142046 0.435545 -0.656378
-0.00987602 0.999804 0.0171506 -0.0974296
-0.435435 -0.0197399 0.900004 -1.20749
-0 -0 0 1
154 154 0
0.912386 0.00608564 0.409287 -0.643673
-0.0122608 0.999847 0.0124652 -0.0937792
-0.409148 -0.0163913 0.912321 -1.12996
-0 -0 0 1
155 155 0
0.911931 0.00798783 0.410266 -0.633723
-0.0144081 0.999817 0.0125597 -0.0898182
-0.410091 -0.0173648 0.911879 -1.03987
-0 -0 0 1
156 156 0
0.868103 0.0116896 0.496246 -0.62816
-0.0188329 0.999779 0.00939436 -0.0933689
-0.496026 -0.017501 0.868131 -0.968783
-0 -0 0 1
157 157 0
0.768911 0.0119834 0.639244 -0.621346
-0.0201219 0.999783 0.00546143 -0.0918288
-0.639039 -0.0170622 0.768985 -0.898741
-0 -0 0 1
158 158 0
0.635315 0.0103091 0.772185 -0.617556
-0.0194646 0.999807 0.00266657 -0.0965475
-0.772008 -0.0167244 0.635393 -0.814566
-0 -0 0 1
159 159 0
0.569741 0.00885291 0.821777 -0.615139
-0.0183971 0.999829 0.00198376 -0.0984149
-0.821618 -0.0162486 0.569806 -0.73953
-0 -0 0 1
160 160 0
0.531784 0.010165 0.846819 -0.632612
-0.0189022 0.999821 -0.000131454 -0.0981162
-0.846669 -0.0159368 0.531881 -0.665609
-0 -0 0 1
161 161 0
0.471905 0.0115173 0.881574 -0.672392
-0.0192291 0.999811 -0.00276868 -0.0878702
-0.88144 -0.0156454 0.472037 -0.609812
-0 -0 0 1
162 162 0
0.390781 0.0112701 0.920415 -0.740623
-0.019048 0.99981 -0.00415498 -0.0861488
-0.920287 -0.0159084 0.390921 -0.529105
-0 -0 0 1
163 163 0
0.340942 -0.0137803 0.939983 -0.776107
-0.0205995 0.999543 0.0221251 -0.0768604
-0.939858 -0.0269066 0.340503 -0.495817
-0 -0 0 1
164 164 0
0.338638 -0.141954 0.930147 -0.82165
-0.0202649 0.987224 0.158043 -0.0605798
-0.940699 -0.0723686 0.331435 -0.493482
-0 -0 0 1
165 165 0
0.419899 -0.180722 0.889396 -0.85549
-0.0139818 0.978569 0.205443 -0.0767682
-0.907463 -0.0987008 0.408373 -0.494826
-0 -0 0 1
166 166 0
0.59822 -0.1552 0.786159 -0.868722
-0.016877 0.978407 0.205996 -0.076452
-0.801154 -0.136499 0.582683 -0.486282
-0 -0 0 1
167 167 0
0.647256 -0.14663 0.748037 -0.786522
-0.0183809 0.978037 0.207619 -0.0773966
-0.762051 -0.148132 0.630345 -0.475144
-0 -0 0 1
168 168 0
0.646302 -0.151808 0.747829 -0.707707
-0.0148748 0.977319 0.21125 -0.0818488
-0.762936 -0.147655 0.629385 -0.434983
-0 -0 0 1
169 169 0
0.64699 -0.144286 0.748723 -0.628056
-0.0134287 0.979625 0.200387 -0.0925786
-0.762381 -0.139703 0.631869 -0.380064
-0 -0 0 1
170 170 0
0.638096 -0.129997 0.758903 -0.59939
-0.0124042 0.983781 0.178947 -0.096002
-0.769857 -0.123599 0.626134 -0.315955
-0 -0 0 1
171 171 0
0.56412 -0.106909 0.818742 -0.576044
-0.0138543 0.990217 0.138846 -0.09351
-0.825577 -0.0896688 0.55712 -0.224854
-0 -0 0 1
172 172 0
0.277641 -0.101418 0.955317 -0.607233
-0.015219 0.993823 0.109929 -0.0869029
-0.960564 -0.0450598 0.274382 -0.161338
-0 -0 0 1
173 173 0
-0.105168 -0.0986494 0.989549 -0.627651
-0.0141778 0.995115 0.0976974 -0.0776909
-0.994353 -0.0037549 -0.106053 -0.125787
-0 -0 0 1
174 174 0
-0.501431 -0.0929983 0.860185 -0.640165
-0.0114716 0.994834 0.100869 -0.070302
-0.865122 0.040711 -0.499907 -0.107666
-0 -0 0 1
175 175 0
-0.682673 -0.0755499 0.726808 -0.641292
-0.00641559 0.995222 0.0974249 -0.0424384
-0.730696 0.0618464 -0.679896 -0.111029
-0 -0 0 1
176 176 0
-0.761427 -0.0934957 0.641473 -0.619255
-0.00537163 0.990421 0.137979 -0.035416
-0.648228 0.101615 -0.754635 -0.0710511
-0 -0 0 1
177 177 0
-0.832109 -0.0935643 0.546664 -0.617784
-0.00574002 0.987067 0.160204 -0.0411247
-0.554583 0.13017 -0.821884 -0.0475595
-0 -0 0 1
178 178 0
-0.859152 -0.0873215 0.504215 -0.615492
-0.00350992 0.986315 0.164833 -0.0469174
-0.511708 0.139847 -0.847701 0.0257696
-0 -0 0 1
179 179 0
-0.860226 -0.0950878 0.500968 -0.618204
-0.00426718 0.983767 0.1794 -0.053496
-0.509895 0.152186 -0.846668 0.133843
-0 -0 0 1
180 180 0
-0.862028 -0.0942481 0.498021 -0.622919
-0.00377465 0.983727 0.179632 -0.0506321
-0.506846 0.152968 -0.848356 0.234971
-0 -0 0 1
181 181 0
-0.856104 -0.109195 0.505136 -0.665915
-0.00621666 0.979529 0.201209 -0.0501505
-0.516766 0.169115 -0.839257 0.323946
-0 -0 0 1
182 182 0
-0.806143 -0.12477 0.578417 -0.727749
-0.00575761 0.979124 0.203182 -0.0494249
-0.591693 0.160464 -0.790032 0.386798
-0 -0 0 1
183 183 0
-0.685501 -0.157209 0.710896 -0.784883
-0.00534456 0.97747 0.211005 -0.0417207
-0.728052 0.140845 -0.670897 0.389868
-0 -0 0 1
184 184 0
-0.435761 -0.197942 0.878027 -0.828795
-0.0102616 0.976547 0.215059 -0.0425087
-0.900004 0.0847045 -0.427572 0.423794
-0 -0 0 1
185 185 0
-0.322863 -0.215742 0.921529 -0.879845
-0.0140657 0.974659 0.223252 -0.0711771
-0.946341 0.059118 -0.317716 0.4231
-0 -0 0 1
186 186 0
-0.298788 -0.214946 0.929798 -0.946218
-0.0141153 0.975193 0.220904 -0.0911788
-0.954215 0.0528791 -0.29441 0.429036
-0 -0 0 1
187 187 0
-0.261631 -0.152394 0.953061 -1.01685
-0.014323 0.98796 0.154042 -0.105557
-0.965062 0.0266515 -0.260664 0.443542
-0 -0 0 1
188 188 0
-0.196345 -0.0609877 0.978636 -1.03094
-0.0157052 0.998131 0.0590517 -0.106051
-0.980409 -0.00377523 -0.196936 0.446982
-0 -0 0 1
189 189 0
-0.0977211 -0.0480992 0.994051 -0.96217
-0.0161593 0.998776 0.0467393 -0.0994109
-0.995083 -0.0114958 -0.0983788 0.436319
-0 -0 0 1
190 190 0
0.0466736 -0.0507886 0.997618 -0.872534
-0.0143705 0.998569 0.0515093 -0.092552
-0.998807 -0.0167404 0.045877 0.428417
-0 -0 0 1
191 191 0
0.180766 -0.0512293 0.982191 -0.796719
-0.0109989 0.998475 0.054103 -0.0965254
-0.983465 -0.020583 0.179927 0.443113
-0 -0 0 1
192 192 0
0.268396 -0.0359842 0.962636 -0.701774
-0.0130472 0.999075 0.040984 -0.0922968
-0.96322 -0.0235596 0.267678 0.451878
-0 -0 0 1
193 193 0
0.249217 -0.0144175 0.96834 -0.634327
-0.0129404 0.99975 0.0182155 -0.0952048
-0.968361 -0.0170703 0.248968 0.506429
-0 -0 0 1
194 194 0
0.10532 0.00907814 0.994397 -0.592808
-0.0191023 0.999792 -0.00710421 -0.091481
-0.994255 -0.0182471 0.105471 0.584706
-0 -0 0 1
195 195 0
-0.343107 0.00762367 0.939266 -0.62706
-0.0204946 0.999668 -0.0156005 -0.0738445
-0.939073 -0.0246025 -0.342836 0.652455
-0 -0 0 1
196 196 0
-0.71368 -0.0101356 0.700398 -0.637098
-0.0190389 0.999807 -0.00493146 -0.0479488
-0.700213 -0.0168543 -0.713735 0.7291
-0 -0 0 1
197 197 0
-0.833302 -0.0878369 0.545795 -0.612516
-0.0164011 0.99079 0.134411 -0.0143285
-0.552575 0.103053 -0.827068 0.795622
-0 -0 0 1
198 198 0
-0.87709 -0.0973415 0.470359 -0.578092
-0.0167757 0.98486 0.172537 -0.0142406
-0.480032 0.14344 -0.865444 0.844152
-0 -0 0 1
199 199 0
-0.894049 -0.0931778 0.438171 -0.558355
-0.0154145 0.983948 0.177786 -0.013311
-0.447704 0.152195 -0.881134 0.932958
-0 -0 0 1
200 200 0
-0.89856 -0.0912844 0.429252 -0.535912
-0.0147728 0.983865 0.178304 -0.00443638
-0.438602 0.153875 -0.88541 1.01246
-0 -0 0 1
201 201 0
-0.904618 -0.0899593 0.416622 -0.523379
-0.0136836 0.983099 0.182564 -0.00230951
-0.426004 0.15945 -0.890559 1.10591
-0 -0 0 1
202 202 0
-0.904419 -0.107418 0.4129 -0.509465
-0.0140783 0.974773 0.222755 -0.0121998
-0.426412 0.195651 -0.883116 1.15989
-0 -0 0 1
203 203 0
-0.892199 -0.112571 0.437389 -0.504435
-0.0134163 0.974618 0.223471 -0.0281265
-0.451444 0.193512 -0.871063 1.21162
-0 -0 0 1
204 204 0
-0.850942 -0.128726 0.509241 -0.530267
-0.0130923 0.974402 0.224433 -0.0302615
-0.525096 0.184312 -0.830845 1.24285
-0 -0 0 1
205 205 0
-0.810072 -0.142309 0.568799 -0.608722
-0.0124883 0.974066 0.225918 -0.055061
-0.586198 0.175906 -0.790841 1.2959
-0 -0 0 1
206 206 0
-0.786737 -0.148484 0.599164 -0.673035
-0.011753 0.974066 0.22596 -0.079465
-0.617176 0.170729 -0.768079 1.33472
-0 -0 0 1
207 207 0
-0.754011 -0.130964 0.643674 -0.72582
-0.0112313 0.98235 0.186715 -0.0902466
-0.656766 0.133556 -0.742173 1.34702
-0 -0 0 1
208 208 0
-0.677976 -0.101127 0.728095 -0.760029
-0.0114197 0.991821 0.127123 -0.0965747
-0.734995 0.0778715 -0.673586 1.38463
-0 -0 0 1
209 209 0
-0.541745 -0.0155444 0.840399 -0.741936
-0.0103123 0.999877 0.0118466 -0.0992208
-0.84048 -0.00224861 -0.541839 1.38591
-0 -0 0 1
210 210 0
-0.453506 0.00195413 0.891251 -0.679054
-0.0124804 0.999886 -0.00854287 -0.0861951
-0.891166 -0.0149974 -0.45343 1.33622
-0 -0 0 1
211 211 0
-0.450039 0.00150699 0.893008 -0.599081
-0.0124735 0.99989 -0.00797348 -0.089918
-0.892922 -0.0147273 -0.449971 1.28823
-0 -0 0 1
212 212 0
-0.489626 0.0250608 0.871572 -0.525631
-0.0122462 0.999291 -0.0356128 -0.0959677
-0.871846 -0.0281104 -0.488972 1.26187
-0 -0 0 1
213 213 0
-0.575642 0.0410202 0.816672 -0.419642
-0.0133787 0.998135 -0.0595649 -0.0920081
-0.817592 -0.0452141 -0.574019 1.26233
-0 -0 0 1
214 214 0
-0.630194 0.0363639 0.775586 -0.326172
-0.0148659 0.998154 -0.0588784 -0.0897217
-0.776295 -0.0486346 -0.628491 1.25735
-0 -0 0 1
215 215 0
-0.792454 0.023815 0.609466 -0.290975
-0.0169345 0.997993 -0.0610158 -0.0979533
-0.609696 -0.0586732 -0.790461 1.29619
-0 -0 0 1
216 216 0
-0.918566 0.00982495 0.395145 -0.237688
-0.0170279 0.997779 -0.0643925 -0.0978236
-0.3949 -0.0658773 -0.916359 1.29814
-0 -0 0 1
217 217 0
-0.979505 -0.00171333 0.201413 -0.144807
-0.0152407 0.997728 -0.0656307 -0.0904405
-0.200843 -0.0673553 -0.977305 1.29963
-0 -0 0 1
218 218 0
-0.990008 -0.00791837 0.14079 -0.0586116
-0.0145652 0.998824 -0.0462433 -0.0889895
-0.140258 -0.0478319 -0.988959 1.27199
-0 -0 0 1
219 219 0
-0.99675 -0.0113168 0.0797643 0.0309201
-0.0145035 0.999115 -0.0394851 -0.0825857
-0.0792468 -0.0405137 -0.996031 1.30776
-0 -0 0 1
220 220 0
-0.998798 -0.013122 0.0472253 0.104928
-0.0146307 0.999389 -0.031745 -0.0760858
-0.0467799 -0.0323978 -0.99838 1.3638
-0 -0 0 1
221 221 0
-0.9999 -0.0140829 0.000893873 0.144539
-0.0141014 0.999565 -0.0259044 -0.0740082
-0.000528674 -0.0259145 -0.999664 1.46708
-0 -0 0 1
222 222 0
-0.99942 -0.0119349 -0.0318788 0.219245
-0.0132005 0.999121 0.039792 -0.0584145
0.0313758 0.0401897 -0.998699 1.50687
-0 -0 0 1
223 223 0
-0.996689 -0.00460624 -0.0811778 0.274918
-0.0134455 0.993986 0.10868 -0.0596195
0.080189 0.109412 -0.990757 1.59579
-0 -0 0 1
224 224 0
-0.993789 0.00349499 -0.111223 0.277813
-0.0116638 0.990729 0.13535 -0.0562311
0.110665 0.135806 -0.984535 1.62174
-0 -0 0 1
225 225 0
-0.994478 0.00781623 -0.104652 0.304339
-0.0107406 0.984405 0.175588 -0.0410608
0.104393 0.175742 -0.978886 1.6512
-0 -0 0 1
226 226 0
-0.995003 0.0120357 -0.0991183 0.322634
-0.0110189 0.973408 0.228812 -0.0621097
0.0992365 0.228761 -0.968411 1.72989
-0 -0 0 1
227 227 0
-0.995247 0.0117336 -0.0966743 0.351971
-0.0107154 0.973492 0.228468 -0.0611057
0.0967924 0.228418 -0.96874 1.82595
-0 -0 0 1
228 228 0
-0.992283 0.0176594 -0.122726 0.381012
-0.0109341 0.973486 0.228483 -0.0556963
0.123507 0.228062 -0.965781 1.8379
-0 -0 0 1
229 229 0
-0.964515 0.0511132 -0.259032 0.413497
-0.00974102 0.973525 0.228371 -0.0558917
0.263847 0.222791 -0.938482 1.8202
-0 -0 0 1
230 230 0
-0.89667 0.0935341 -0.432706 0.428721
-0.00816062 0.973767 0.227401 -0.059112
0.442624 0.207435 -0.872384 1.80417
-0 -0 0 1
231 231 0
-0.888424 0.0975462 -0.448539 0.469664
-0.00797434 0.973732 0.227558 -0.0694113
0.458954 0.205745 -0.864309 1.78976
-0 -0 0 1
232 232 0
-0.890764 0.0937723 -0.444687 0.562869
-0.00964264 0.974361 0.224782 -0.0882923
0.454364 0.204515 -0.867022 1.80503
-0 -0 0 1
233 233 0
-0.894049 0.0261771 -0.447203 0.635022
-0.0119036 0.99655 0.0821308 -0.108287
0.447811 0.0787523 -0.890654 1.80931
-0 -0 0 1
234 234 0
-0.884395 -0.0181167 -0.466387 0.694011
-0.0115225 0.999789 -0.0169869 -0.0990968
0.466597 -0.00964921 -0.884418 1.76916
-0 -0 0 1
235 235 0
-0.850645 -0.0190428 -0.525395 0.697521
-0.0112731 0.999775 -0.0179847 -0.0861152
0.525619 -0.00937578 -0.850668 1.6786
-0 -0 0 1
236 236 0
-0.827044 -0.0194011 -0.561802 0.718899
-0.0123054 0.99979 -0.0164114 -0.065745
0.562002 -0.00665976 -0.827109 1.57421
-0 -0 0 1
237 237 0
-0.824635 -0.0188417 -0.565351 0.696576
-0.0120888 0.999804 -0.0156879 -0.0522695
0.565535 -0.00610237 -0.824701 1.5327
-0 -0 0 1
238 238 0
-0.838137 -0.0177783 -0.54517 0.70688
-0.0113147 0.99982 -0.0152095 -0.032332
0.545343 -0.00657918 -0.838187 1.50544
-0 -0 0 1
239 239 0
-0.912241 -0.000998856 -0.409652 0.683334
-0.0100049 0.999753 0.0198419 0.00160142
0.409531 0.0221991 -0.912026 1.51167
-0 -0 0 1
240 240 0
-0.963111 0.00847733 -0.268972 0.625482
-0.0105584 0.997544 0.0692465 0.0208879
0.268898 0.069532 -0.960656 1.51727
-0 -0 0 1
241 241 0
-0.979625 0.00399876 -0.200796 0.583508
-0.0107024 0.997342 0.0720759 0.0286796
0.20055 0.0727563 -0.976978 1.51908
-0 -0 0 1
242 242 0
-0.982783 0.0032757 -0.184736 0.53844
-0.0108735 0.997085 0.0755266 0.0320276
0.184445 0.076235 -0.979882 1.53593
-0 -0 0 1
243 243 0
-0.987248 0.00725042 -0.159024 0.518412
-0.0103909 0.993897 0.109824 0.0277063
0.15885 0.110076 -0.981147 1.55875
-0 -0 0 1
244 244 0
-0.99137 0.00487996 -0.131006 0.515631
-0.011396 0.992316 0.123201 0.0282755
0.1306 0.123631 -0.983697 1.56177
-0 -0 0 1
245 245 0
-0.979605 0.014519 -0.200409 0.479777
-0.0111363 0.99193 0.126297 0.0189101
0.200625 0.125953 -0.971538 1.58617
-0 -0 0 1
246 246 0
-0.947423 0.0303293 -0.318542 0.477145
-0.0105018 0.992014 0.125687 0.0155613
0.319811 0.122424 -0.939539 1.58962
-0 -0 0 1
247 247 0
-0.943903 0.031417 -0.328726 0.482861
-0.0107882 0.991999 0.125785 0.0125281
0.330048 0.122275 -0.936011 1.58438
-0 -0 0 1
248 248 0
-0.947815 0.0295007 -0.317453 0.519294
-0.0116332 0.991847 0.126905 0.0126836
0.318608 0.123975 -0.939744 1.55613
-0 -0 0 1
249 249 0
-0.948021 0.0278495 -0.316988 0.586837
-0.0136606 0.991683 0.127981 0.00758264
0.317915 0.125659 -0.939755 1.51605
-0 -0 0 1
250 250 0
-0.948676 0.0273569 -0.315064 0.63891
-0.0144641 0.991456 0.12964 -0.00379533
0.315918 0.127543 -0.940175 1.45288
-0 -0 0 1
251 251 0
-0.943742 0.0284741 -0.329455 0.716045
-0.0152457 0.99148 0.129364 -0.0238257
0.330332 0.127109 -0.935267 1.37888
-0 -0 0 1
252 252 0
-0.915034 0.0367421 -0.401701 0.792585
-0.0161502 0.991708 0.127496 -0.0647105
0.403054 0.123151 -0.906852 1.29831
-0 -0 0 1
253 253 0
-0.833979 0.0554087 -0.549007 0.838539
-0.0171473 0.991863 0.126152 -0.0741986
0.55153 0.114622 -0.826243 1.22519
-0 -0 0 1
254 254 0
-0.730005 0.0725041 -0.679585 0.820608
-0.016966 0.992128 0.124074 -0.0795228
0.683231 0.102104 -0.723028 1.14194
-0 -0 0 1
255 255 0
-0.64407 0.0826035 -0.760494 0.812451
-0.0168838 0.992376 0.122089 -0.0782268
0.76478 0.091474 -0.637764 1.06711
-0 -0 0 1
256 256 0
-0.612029 0.0845361 -0.786304 0.794977
-0.0166565 0.992672 0.119688 -0.0813159
0.79066 0.0863494 -0.606136 1.00507
-0 -0 0 1
257 257 0
-0.608566 0.0850359 -0.788933 0.754987
-0.0153149 0.992797 0.118823 -0.0802766
0.793355 0.0843943 -0.602881 0.949323
-0 -0 0 1
258 258 0
-0.623721 0.0840485 -0.777115 0.737863
-0.014507 0.992786 0.119018 -0.0728007
0.781513 0.0855074 -0.618002 0.882346
-0 -0 0 1
259 259 0
-0.72668 0.076027 -0.682756 0.724982
-0.0138243 0.992038 0.12518 -0.0747205
0.686837 0.100405 -0.719843 0.836873
-0 -0 0 1
260 260 0
-0.82743 0.0600463 -0.558349 0.71007
-0.0133989 0.991873 0.126525 -0.0791213
0.561408 0.112172 -0.819901 0.796181
-0 -0 0 1
261 261 0
-0.848408 0.0551713 -0.52646 0.727378
-0.0141729 0.99183 0.126781 -0.0850727
0.529153 0.115023 -0.840694 0.76076
-0 -0 0 1
262 262 0
-0.846112 0.0421479 -0.531336 0.732658
-0.0133792 0.994875 0.100223 -0.0893477
0.532837 0.0919089 -0.841212 0.695931
-0 -0 0 1
263 263 0
-0.834801 0.0166112 -0.550301 0.734486
-0.0146307 0.998522 0.0523358 -0.086692
0.550357 0.0517413 -0.833325 0.611463
-0 -0 0 1
264 264 0
-0.797198 0.00872594 -0.603655 0.725408
-0.0177265 0.999126 0.0378525 -0.082718
0.603458 0.0408766 -0.796347 0.536432
-0 -0 0 1
265 265 0
-0.755654 0.00378516 -0.65496 0.685477
-0.0185919 0.999456 0.0272264 -0.0821917
0.654707 0.0327507 -0.755173 0.466257
-0 -0 0 1
266 266 0
-0.700333 0.00496528 -0.713799 0.671016
-0.0157981 0.999623 0.0224536 -0.0831958
0.713642 0.0270016 -0.69999 0.396756
-0 -0 0 1
267 267 0
-0.676626 0.00534368 -0.736307 0.657888
-0.0148755 0.99967 0.0209248 -0.082513
0.736176 0.0251112 -0.676324 0.312538
-0 -0 0 1
268 268 0
-0.67047 0.00162636 -0.741935 0.659806
-0.0144994 0.999778 0.0152943 -0.0851357
0.741795 0.021012 -0.670297 0.241736
-0 -0 0 1
269 269 0
-0.640268 -0.0172427 -0.767958 0.712036
-0.0147337 0.99984 -0.0101652 -0.0867876
0.768011 0.00480644 -0.640419 0.174547
-0 -0 0 1
270 270 0
-0.600953 -0.0324855 -0.798624 0.747564
-0.0146697 0.999454 -0.0296158 -0.0868739
0.79915 -0.00608214 -0.601102 0.0994627
-0 -0 0 1
271 271 0
-0.5647 -0.0397147 -0.82434 0.81298
-0.0173854 0.999192 -0.0362291 -0.0801673
0.825113 -0.00612708 -0.564934 0.0509989
-0 -0 0 1
272 272 0
-0.494365 -0.039948 -0.868336 0.878352
-0.0169513 0.999197 -0.0363175 -0.0747982
0.869089 -0.00323466 -0.494645 0.00539752
-0 -0 0 1
273 273 0
-0.35634 -0.0322315 -0.9338 0.95074
-0.0194827 0.999444 -0.0270626 -0.0759309
0.934153 0.00854942 -0.35677 -0.0536335
-0 -0 0 1
274 274 0
-0.183219 -0.0298157 -0.98262 1.00441
-0.0185079 0.999467 -0.0268759 -0.0801028
0.982898 0.013262 -0.183673 -0.117683
-0 -0 0 1
275 275 0
-0.0599427 -0.0295386 -0.997765 1.05997
-0.0183897 0.999425 -0.028483 -0.0807758
0.998032 0.0166413 -0.0604514 -0.177556
-0 -0 0 1
276 276 0
0.13272 -0.027958 -0.990759 1.09098
-0.017578 0.999378 -0.0305559 -0.0793038
0.990998 0.0214709 0.132146 -0.257663
-0 -0 0 1
277 277 0
0.29413 -0.025542 -0.955424 1.11186
-0.016469 0.999359 -0.0317866 -0.0774107
0.955623 0.0250842 0.293521 -0.350565
-0 -0 0 1
278 278 0
0.425302 -0.0198011 -0.904835 1.0831
-0.0170809 0.999407 -0.0298992 -0.0703091
0.90489 0.0281716 0.424711 -0.415305
-0 -0 0 1
279 279 0
0.6024 0.00536659 -0.798176 1.0774
-0.0152834 0.999872 -0.00481201 -0.0678725
0.798048 0.0150976 0.602405 -0.508235
-0 -0 0 1
280 280 0
0.675102 0.0259359 -0.737269 1.03766
-0.0143339 0.999654 0.022041 -0.0682854
0.737585 -0.00431201 0.67524 -0.554824
-0 -0 0 1
281 281 0
0.688735 0.0472183 -0.723474 1.08497
-0.0146141 0.998578 0.0512609 -0.0670839
0.724866 -0.0247322 0.688446 -0.626803
-0 -0 0 1
282 282 0
0.668794 0.0613132 -0.740915 1.10828
-0.0113518 0.997319 0.0722847 -0.0584155
0.743361 -0.0399329 0.667698 -0.682754
-0 -0 0 1
283 283 0
0.591861 0.0921281 -0.800757 1.1471
-0.0135155 0.994441 0.104422 -0.0581545
0.805926 -0.0509807 0.589817 -0.757863
-0 -0 0 1
284 284 0
0.426975 0.119214 -0.896371 1.15913
-0.0167583 0.992145 0.123969 -0.0640286
0.904108 -0.03791 0.425619 -0.837859
-0 -0 0 1
285 285 0
0.245241 0.12816 -0.960954 1.19261
-0.0176727 0.99165 0.127744 -0.0699965
0.969301 -0.0143454 0.245459 -0.911747
-0 -0 0 1
286 286 0
0.146364 0.130039 -0.980646 1.22392
-0.0191038 0.991509 0.128629 -0.0645758
0.989046 -9.25323e-05 0.147606 -0.969976
-0 -0 0 1
287 287 0
0.160239 0.130533 -0.978409 1.23889
-0.0185121 0.991441 0.12924 -0.0714861
0.986905 -0.002597 0.161284 -1.06732
-0 -0 0 1
288 288 0
0.29582 0.126478 -0.946834 1.23082
-0.0186359 0.991771 0.126659 -0.0714126
0.955062 -0.0198231 0.295743 -1.16372
-0 -0 0 1
289 289 0
0.466557 0.117093 -0.876706 1.17886
-0.0188331 0.992289 0.122508 -0.0705694
0.884291 -0.0406459 0.465165 -1.23756
-0 -0 0 1
290 290 0
0.640513 0.104779 -0.760766 1.13293
-0.0183748 0.992456 0.121219 -0.0719738
0.767728 -0.0636634 0.637606 -1.31649
-0 -0 0 1
291 291 0
0.746786 0.0942645 -0.65835 1.07771
-0.0180582 0.992413 0.121613 -0.0713543
0.664819 -0.07893 0.742823 -1.32916
-0 -0 0 1
292 292 0
0.824202 0.0828895 -0.560197 1.01072
-0.0173253 0.992458 0.121359 -0.0715343
0.566031 -0.0903185 0.819421 -1.34783
-0 -0 0 1
293 293 0
0.838928 0.0810517 -0.538173 0.919268
-0.0178459 0.992413 0.121644 -0.0797162
0.543949 -0.0924463 0.83401 -1.35693
-0 -0 0 1
294 294 0
