0 0 0
0.999973 -0.00552303 -0.00476889 -0.0562447
0.00568973 0.999347 0.0356805 0.0247257
0.00456871 -0.0357067 0.999352 -1.40973
-0 -0 0 1
1 1 0
0.999979 -0.00514538 -0.00390587 -0.0557365
0.00528431 0.999322 0.0364346 0.0224857
0.00371575 -0.0364545 0.999328 -1.40854
-0 -0 0 1
2 2 0
0.999983 -0.00461591 -0.00358389 -0.0591182
0.00474331 0.999326 0.0363925 0.0225024
0.00341349 -0.0364088 0.999331 -1.40492
-0 -0 0 1
3 3 0
0.999979 -0.00472789 -0.00446455 -0.053862
0.0048857 0.999339 0.0360245 0.0159261
0.00429128 -0.0360456 0.999341 -1.40649
-0 -0 0 1
4 4 0
0.999988 -0.00398941 -0.00289017 -0.0753511
0.00408908 0.999367 0.0353446 0.0116574
0.00274734 -0.035356 0.999371 -1.47448
-0 -0 0 1
5 5 0
0.997927 -0.00367259 0.0642462 -0.0795026
0.00145268 0.999401 0.0345658 -9.1411e-06
-0.0643346 -0.0344009 0.997335 -1.54457
-0 -0 0 1
6 6 0
0.996685 -0.00415876 0.0812455 -0.0912275
0.0014196 0.99943 0.0337433 -0.0202448
-0.0813395 -0.0335161 0.996123 -1.55922
-0 -0 0 1
7 7 0
0.999944 -0.00458601 -0.0094982 -0.110595
0.00489675 0.999445 0.0329551 -0.0169016
0.0093418 -0.0329998 0.999412 -1.56023
-0 -0 0 1
8 8 0
0.98586 -0.00374248 -0.16753 -0.118325
0.00911026 0.999469 0.0312836 -0.0176029
0.167324 -0.0323675 0.985371 -1.56478
-0 -0 0 1
9 9 0
0.971846 -0.00289606 -0.235599 -0.1162
0.0103686 0.999481 0.0304846 -0.0166739
0.235388 -0.0320692 0.971372 -1.56235
-0 -0 0 1
10 10 0
0.975752 -0.00326525 -0.218854 -0.0807658
0.0104118 0.999449 0.0315091 -0.014748
0.21863 -0.0330237 0.975249 -1.5626
-0 -0 0 1
11 11 0
0.993093 -0.00415382 -0.117259 -0.0382164
0.00818296 0.999392 0.0339006 -0.0122457
0.117047 -0.034626 0.992523 -1.53487
-0 -0 0 1
12 12 0
0.997627 -0.00694309 -0.0684987 0.0486973
0.00941973 0.999311 0.0358995 -0.00912267
0.0682022 -0.0364595 0.997005 -1.50034
-0 -0 0 1
13 13 0
0.999583 -0.00922856 -0.0273758 0.145597
0.0102332 0.999271 0.0367891 -0.00441708
0.0270164 -0.0370539 0.998948 -1.48887
-0 -0 0 1
14 14 0
0.999766 -0.00990272 -0.0192561 0.232797
0.0106044 0.999271 0.0366856 -0.00418864
0.0188788 -0.0368812 0.999141 -1.50769
-0 -0 0 1
15 15 0
0.99899 -0.00824217 -0.0441716 0.269449
0.0097922 0.99934 0.0349904 -0.00636876
0.0438541 -0.0353876 0.998411 -1.57363
-0 -0 0 1
16 16 0
0.999468 -0.00745545 -0.0317354 0.309227
0.00856344 0.999353 0.0349219 -0.0184233
0.0314545 -0.0351751 0.998886 -1.61269
-0 -0 0 1
17 17 0
0.995398 -0.00531407 0.0956817 0.305017
0.00164225 0.999261 0.0384133 -0.0225689
-0.0958151 -0.0380794 0.994671 -1.63423
-0 -0 0 1
18 18 0
0.972741 -0.00542998 0.231829 0.308528
-0.00387624 0.999205 0.0396682 -0.0230118
-0.23186 -0.0394855 0.971947 -1.6358
-0 -0 0 1
19 19 0
0.958901 -0.00612999 0.283675 0.310868
-0.00570413 0.999148 0.0408723 -0.0486084
-0.283684 -0.0408106 0.958049 -1.61775
-0 -0 0 1
20 20 0
0.964086 -0.00658512 0.265509 0.294841
-0.00456022 0.999135 0.0413389 -0.0794217
-0.265552 -0.041065 0.963222 -1.59288
-0 -0 0 1
21 21 0
0.980287 -0.00643306 0.197473 0.290897
-0.00179899 0.999138 0.0414793 -0.0817797
-0.19757 -0.0410168 0.97943 -1.58445
-0 -0 0 1
22 22 0
0.998035 -0.00812429 0.0621356 0.287876
0.00439577 0.998194 0.0599091 -0.0801092
-0.0625101 -0.0595182 0.996268 -1.56546
-0 -0 0 1
23 23 0
0.997668 -0.00203138 -0.0682222 0.294103
0.0083094 0.995737 0.091866 -0.0769865
0.0677448 -0.0922187 0.993432 -1.53363
-0 -0 0 1
24 24 0
0.991123 0.00503894 -0.132852 0.296637
0.010861 0.992872 0.118686 -0.0711545
0.132503 -0.119075 0.984004 -1.45506
-0 -0 0 1
25 25 0
0.984318 0.00930906 -0.176155 0.344842
0.0128117 0.992197 0.124023 -0.0632752
0.175935 -0.124335 0.976518 -1.36575
-0 -0 0 1
26 26 0
0.976575 0.0142713 -0.214704 0.369239
0.014349 0.991258 0.131155 -0.0688543
0.214699 -0.131163 0.967833 -1.29305
-0 -0 0 1
27 27 0
0.970841 0.0173124 -0.2391 0.392988
0.0144416 0.991354 0.130419 -0.0845327
0.239291 -0.130069 0.962196 -1.23533
-0 -0 0 1
28 28 0
0.960844 0.02056 -0.276325 0.414499
0.0160335 0.991447 0.129521 -0.0573928
0.276625 -0.12888 0.952297 -1.17231
-0 -0 0 1
29 29 0
0.951378 0.024641 -0.30704 0.424593
0.0161295 0.991442 0.129545 -0.0328577
0.307605 -0.128198 0.942839 -1.12695
-0 -0 0 1
30 30 0
0.943678 0.0341931 -0.329095 0.469923
0.0185807 0.987599 0.155892 0.0181804
0.330344 -0.153227 0.93134 -1.06877
-0 -0 0 1
31 31 0
0.934385 0.0746313 -0.348359 0.497407
0.0189919 0.965987 0.257891 0.042958
0.355758 -0.247585 0.901187 -1.02277
-0 -0 0 1
32 32 0
0.939169 0.0812972 -0.333694 0.561791
0.0166942 0.959628 0.280777 0.0338992
0.343048 -0.269268 0.899896 -0.975965
-0 -0 0 1
33 33 0
0.952241 0.0710027 -0.296978 0.626301
0.0160474 0.959608 0.280882 0.0243809
0.304926 -0.272233 0.912639 -0.933453
-0 -0 0 1
34 34 0
0.953289 0.0696854 -0.293911 0.668034
0.0161917 0.959837 0.280092 -0.0219788
0.301625 -0.271767 0.913874 -0.896683
-0 -0 0 1
35 35 0
0.925569 0.0825236 -0.369475 0.706049
0.0187782 0.964744 0.26252 -0.0537799
0.378112 -0.249919 0.891387 -0.862795
-0 -0 0 1
36 36 0
0.871245 0.0697733 -0.485864 0.717897
0.0197381 0.984065 0.176712 -0.0732719
0.490451 -0.16355 0.855984 -0.840905
-0 -0 0 1
37 37 0
0.848108 0.0363078 -0.528578 0.725216
0.0199854 0.994747 0.100396 -0.0781277
0.529446 -0.0957102 0.842927 -0.809692
-0 -0 0 1
38 38 0
0.838537 0.0147781 -0.544644 0.756976
0.0206018 0.998057 0.0587994 -0.075847
0.544455 -0.0605261 0.836603 -0.774339
-0 -0 0 1
39 39 0
0.902744 0.0116103 -0.430021 0.799026
0.0167068 0.997935 0.0620163 -0.067647
0.429853 -0.0631691 0.900686 -0.766853
-0 -0 0 1
40 40 0
0.975406 0.00662932 -0.220317 0.831191
0.00837977 0.99771 0.0671207 -0.0616061
0.220257 -0.0673162 0.973116 -0.757797
-0 -0 0 1
41 41 0
0.994878 0.00227924 -0.101053 0.834107
0.00459233 0.997694 0.0677147 -0.05182
0.100975 -0.067832 0.992574 -0.730635
-0 -0 0 1
42 42 0
0.995382 0.00278209 -0.0959554 0.853672
0.00383646 0.997628 0.0687218 -0.0327276
0.095919 -0.0687725 0.993011 -0.688032
-0 -0 0 1
43 43 0
0.993561 0.00256922 -0.113266 0.917303
0.00524364 0.997629 0.0686263 -0.0272475
0.113173 -0.0687784 0.991192 -0.648075
-0 -0 0 1
44 44 0
0.952914 0.00666808 -0.303167 0.951111
0.0136422 0.997803 0.0648268 -0.0140024
0.302933 -0.0659102 0.95073 -0.659897
-0 -0 0 1
45 45 0
0.877214 0.0137435 -0.479903 0.986376
0.0181543 0.997926 0.0617629 -0.00309198
0.479757 -0.0628915 0.875145 -0.663099
-0 -0 0 1
46 46 0
0.807603 0.0217955 -0.589324 0.998492
0.0227428 0.997422 0.0680551 0.0260058
0.589288 -0.0683644 0.805026 -0.684853
-0 -0 0 1
47 47 0
0.743042 0.0788704 -0.664582 0.998767
0.0242145 0.989213 0.14447 0.0451582
0.668807 -0.12344 0.733116 -0.697026
-0 -0 0 1
48 48 0
0.711654 0.124953 -0.691329 0.98856
0.0236078 0.979246 0.201293 0.0478751
0.702133 -0.159572 0.693935 -0.692142
-0 -0 0 1
49 49 0
0.708454 0.141743 -0.691377 0.960113
0.0231032 0.974442 0.223449 0.0471732
0.705379 -0.174276 0.687072 -0.632309
-0 -0 0 1
50 50 0
0.756475 0.136318 -0.639659 0.910008
0.0187193 0.973124 0.229521 0.0481704
0.653755 -0.185601 0.733592 -0.574658
-0 -0 0 1
51 51 0
0.845956 0.113771 -0.520975 0.907983
0.0134774 0.972102 0.234172 0.0541814
0.533083 -0.20512 0.820822 -0.489725
-0 -0 0 1
52 52 0
0.858271 0.110156 -0.501235 0.921246
0.0135348 0.971493 0.23668 0.0637967
0.513018 -0.20992 0.832314 -0.406263
-0 -0 0 1
53 53 0
0.838905 0.126861 -0.529286 0.985577
0.0173883 0.965714 0.259025 0.0635277
0.543999 -0.226501 0.807937 -0.318334
-0 -0 0 1
54 54 0
0.708285 0.161797 -0.687135 1.02196
0.0246622 0.967114 0.253145 0.0586154
0.705496 -0.196245 0.681002 -0.227066
-0 -0 0 1
55 55 0
0.497818 0.199263 -0.844081 1.06995
0.0281656 0.969021 0.245369 0.0563363
0.866824 -0.145923 0.476783 -0.132089
-0 -0 0 1
56 56 0
0.342643 0.213119 -0.914973 1.06162
0.0326778 0.970636 0.238321 0.059378
0.938897 -0.111559 0.325618 -0.0161951
-0 -0 0 1
57 57 0
0.132449 0.22592 -0.9651 1.10318
0.0315631 0.972223 0.231919 0.0589851
0.990687 -0.0611791 0.121639 0.0440578
-0 -0 0 1
58 58 0
0.0982827 0.228265 -0.968626 1.12696
0.0302055 0.972205 0.232173 0.00908743
0.9947 -0.0520764 0.0886561 0.0704194
-0 -0 0 1
59 59 0
0.0759211 0.228556 -0.970566 1.16596
0.0271391 0.972541 0.231145 -0.0158006
0.996744 -0.043889 0.0676336 0.0389887
-0 -0 0 1
60 60 0
0.0761144 0.228548 -0.970553 1.191
0.0242611 0.972664 0.230948 -0.0257198
0.996804 -0.0411251 0.0684889 -0.0298549
-0 -0 0 1
61 61 0
0.0674594 0.226836 -0.971594 1.27541
0.0209313 0.973276 0.228682 -0.0367802
0.997502 -0.0357635 0.0609086 -0.075716
-0 -0 0 1
62 62 0
0.0384595 0.217281 -0.975351 1.34227
0.0209653 0.975683 0.218181 -0.044861
0.99904 -0.0288396 0.032969 -0.0753831
-0 -0 0 1
63 63 0
-0.0541662 0.182496 -0.981713 1.41118
0.0204808 0.983153 0.181634 -0.0490524
0.998322 -0.0102678 -0.0569913 -0.107012
-0 -0 0 1
64 64 0
-0.120692 0.146017 -0.981892 1.45195
0.0192865 0.989281 0.144745 -0.0568715
0.992503 -0.00146766 -0.122214 -0.115408
-0 -0 0 1
65 65 0
-0.152024 0.0907377 -0.984203 1.46627
0.0191655 0.99586 0.0888521 -0.054566
0.988191 -0.00535505 -0.153134 -0.0659015
-0 -0 0 1
66 66 0
-0.161035 0.0805528 -0.983656 1.47704
0.0207216 0.99672 0.0782303 -0.0420036
0.986731 -0.0077851 -0.162176 0.0185786
-0 -0 0 1
67 67 0
-0.148134 0.0150272 -0.988853 1.50105
0.0221311 0.999685 0.0118765 -0.0502352
0.98872 -0.0201251 -0.148419 0.116209
-0 -0 0 1
68 68 0
-0.0397846 -0.0216259 -0.998974 1.47399
0.0224272 0.999495 -0.0225303 -0.0426451
0.998957 -0.0233006 -0.0392795 0.174932
-0 -0 0 1
69 69 0
0.0254694 -0.0276884 -0.999292 1.4119
0.0219011 0.999392 -0.027133 -0.034812
0.999436 -0.0211946 0.0260603 0.18628
-0 -0 0 1
70 70 0
0.0360426 -0.026268 -0.999005 1.34686
0.0218748 0.999436 -0.0254901 -0.0328822
0.999111 -0.0209343 0.0365969 0.242451
-0 -0 0 1
71 71 0
4.72882e-05 -0.0275911 -0.999619 1.33844
0.0222143 0.999373 -0.0275832 -0.0266199
0.999753 -0.0222046 0.000660177 0.312915
-0 -0 0 1
72 72 0
-0.134842 -0.0278817 -0.990475 1.33514
0.0223625 0.999264 -0.0311735 -0.0112808
0.990615 -0.026353 -0.134119 0.369729
-0 -0 0 1
73 73 0
-0.231574 0.00213202 -0.972815 1.36931
0.021097 0.999773 -0.00283093 0.0127326
0.972589 -0.021179 -0.231566 0.438351
-0 -0 0 1
74 74 0
-0.2911 0.0847429 -0.952932 1.40739
0.0202256 0.996392 0.0824292 0.0241772
0.956479 0.00472157 -0.291764 0.485581
-0 -0 0 1
75 75 0
-0.307461 0.146879 -0.940156 1.4224
0.0182733 0.988745 0.148494 0.0337811
0.951385 0.0284763 -0.306685 0.512393
-0 -0 0 1
76 76 0
-0.296462 0.16012 -0.941527 1.33823
0.0176573 0.986596 0.162224 0.0175083
0.954882 0.0314685 -0.295315 0.539472
-0 -0 0 1
77 77 0
-0.228075 0.164469 -0.959652 1.27782
0.0163164 0.986137 0.16513 -0.000441016
0.973507 0.022004 -0.227596 0.529312
-0 -0 0 1
78 78 0
-0.179712 0.127125 -0.975471 1.22335
0.0151181 0.991855 0.126475 -0.0269439
0.983603 0.00798177 -0.18017 0.548079
-0 -0 0 1
79 79 0
-0.174109 0.0533206 -0.983282 1.14334
0.0160966 0.998554 0.0512986 -0.0250643
0.984595 -0.00689594 -0.174715 0.564329
-0 -0 0 1
80 80 0
-0.166116 0.04449 -0.985102 1.03588
0.0154928 0.998976 0.0425041 -0.0236535
0.985985 -0.00820145 -0.166635 0.605727
-0 -0 0 1
81 81 0
-0.219565 0.028378 -0.975185 0.94232
0.0165314 0.999542 0.0253647 -0.0180099
0.975458 -0.010552 -0.219934 0.654699
-0 -0 0 1
82 82 0
-0.313543 0.0053272 -0.949559 0.864279
0.0159318 0.999873 0.000348813 -0.0160015
0.94944 -0.0150188 -0.313588 0.718275
-0 -0 0 1
83 83 0
-0.406165 0.0030701 -0.913794 0.792163
0.0150131 0.999882 -0.00331372 -0.0130421
0.913676 -0.0150648 -0.406164 0.759396
-0 -0 0 1
84 84 0
-0.449391 -0.00291377 -0.89333 0.730754
0.0143148 0.999843 -0.0104623 -0.0184529
0.89322 -0.0174895 -0.449279 0.794183
-0 -0 0 1
85 85 0
-0.535357 -0.0103027 -0.844563 0.714661
0.0128395 0.999711 -0.0203341 -0.0129861
0.844528 -0.0217297 -0.53507 0.834674
-0 -0 0 1
86 86 0
-0.565168 -0.0108817 -0.824904 0.671842
0.0114054 0.999714 -0.021002 -0.0107912
0.824897 -0.021278 -0.564882 0.851408
-0 -0 0 1
87 87 0
-0.614372 -0.0103157 -0.788949 0.615327
0.0103664 0.999723 -0.0211441 -0.00848633
0.788949 -0.0211689 -0.614094 0.849867
-0 -0 0 1
88 88 0
-0.778583 -0.0108531 -0.627448 0.61929
0.00650736 0.999657 -0.0253662 -0.00912267
0.627508 -0.0238327 -0.778246 0.875933
-0 -0 0 1
89 89 0
-0.924407 -0.00979523 -0.381282 0.605451
0.00163389 0.999559 -0.0296402 -0.0147276
0.381405 -0.0280226 -0.923983 0.87976
-0 -0 0 1
90 90 0
-0.988432 -0.0112022 -0.151251 0.564261
-0.00488647 0.999103 -0.0420636 -0.0127554
0.151587 -0.0408379 -0.9876 0.900776
-0 -0 0 1
91 91 0
-0.994715 -0.0107226 -0.102114 0.503256
-0.00643398 0.999087 -0.0422358 -0.00564711
0.102473 -0.0413556 -0.993876 0.927165
-0 -0 0 1
92 92 0
-0.998594 -0.00913766 -0.0522149 0.40763
-0.00718196 0.99927 -0.0375205 -0.00400293
0.0525197 -0.0370927 -0.997931 0.949
-0 -0 0 1
93 93 0
-0.999574 -0.00920397 -0.0277009 0.33349
-0.00891766 0.999906 -0.0104415 0.00291339
0.0277944 -0.01019 -0.999562 0.994159
-0 -0 0 1
94 94 0
-0.999902 -0.00843029 -0.0112089 0.252347
-0.00864743 0.999773 0.0194664 0.00694242
0.0110422 0.0195614 -0.999748 1.02429
-0 -0 0 1
95 95 0
-0.999922 -0.0112447 0.0055018 0.195677
-0.0109904 0.99896 0.0442485 0.0138651
-0.00599364 0.0441846 -0.999005 1.09418
-0 -0 0 1
96 96 0
-0.999196 -0.0141984 0.037498 0.137013
-0.011906 0.998087 0.0606657 0.0172818
-0.0382877 0.0601704 -0.997454 1.14155
-0 -0 0 1
97 97 0
-0.998422 -0.0216209 0.0518306 0.101701
-0.0169562 0.995905 0.0888066 0.0343949
-0.0535385 0.0877875 -0.994699 1.2036
-0 -0 0 1
98 98 0
-0.998601 -0.022435 0.0478752 0.0474596
-0.0167095 0.993014 0.116807 0.0336672
-0.0501613 0.115844 -0.992 1.27919
-0 -0 0 1
99 99 0
-0.999091 -0.0208762 0.0371589 0.0440334
-0.016248 0.992549 0.120762 0.00466753
-0.039403 0.120048 -0.991986 1.3796
-0 -0 0 1
100 100 0
-0.999325 -0.0219726 0.0294346 0.016973
-0.0184331 0.993131 0.115546 -0.0134713
-0.0317712 0.114925 -0.992866 1.46261
-0 -0 0 1
101 101 0
-0.999619 -0.0197522 0.0192911 0.000364818
-0.0189135 0.998908 0.0427325 -0.0160284
-0.0201141 0.0423514 -0.9989 1.52766
-0 -0 0 1
102 102 0
-0.999756 -0.0197971 -0.00983315 -0.0239352
-0.0200614 0.999419 0.0275545 -0.010078
0.00928194 0.027745 -0.999572 1.55264
-0 -0 0 1
103 103 0
-0.998707 -0.018061 -0.0475277 -0.0639082
-0.0193487 0.999454 0.0267742 0.0119313
0.0470182 0.0276592 -0.998511 1.54153
-0 -0 0 1
104 104 0
-0.992168 -0.01441 -0.124076 -0.0586705
-0.0191846 0.999117 0.0373726 0.0361588
0.123428 0.0394603 -0.991569 1.54423
-0 -0 0 1
105 105 0
-0.986332 -0.00613609 -0.164656 -0.0529665
-0.0189444 0.996903 0.0763308 0.0754921
0.163678 0.0784068 -0.983393 1.54741
-0 -0 0 1
106 106 0
-0.985126 0.00753952 -0.17167 -0.0571088
-0.0197684 0.987431 0.156807 0.112649
0.170695 0.157868 -0.972595 1.55197
-0 -0 0 1
107 107 0
-0.982631 0.0141336 -0.185032 -0.121699
-0.0185639 0.984607 0.173794 0.117976
0.18464 0.17421 -0.967243 1.54319
-0 -0 0 1
108 108 0
-0.96602 0.0273177 -0.257019 -0.179466
-0.0187352 0.984382 0.175044 0.118509
0.257787 0.173911 -0.950421 1.51489
-0 -0 0 1
109 109 0
-0.944359 0.0444284 -0.325902 -0.227127
-0.013843 0.984589 0.174336 0.0878558
0.328624 0.169148 -0.929191 1.4697
-0 -0 0 1
110 110 0
-0.968327 0.0322403 -0.247594 -0.277985
-0.0119156 0.984532 0.174801 0.0514871
0.2494 0.172215 -0.952965 1.40966
-0 -0 0 1
111 111 0
-0.989484 0.00951909 -0.14433 -0.313585
-0.0158607 0.984675 0.173679 0.02696
0.143772 0.174141 -0.974169 1.34614
-0 -0 0 1
112 112 0
-0.997926 -0.0105242 -0.0634999 -0.365959
-0.0177487 0.993287 0.114305 0.00398563
0.0618707 0.115195 -0.991414 1.28643
-0 -0 0 1
113 113 0
-0.999714 -0.0176915 -0.0160807 -0.407787
-0.0188695 0.996904 0.0763258 -0.0110364
0.0146806 0.0766074 -0.996953 1.22803
-0 -0 0 1
114 114 0
-0.999723 -0.0193074 0.0134284 -0.439614
-0.0202405 0.99711 -0.0732283 -0.0288173
-0.0119758 -0.0734799 -0.997225 1.21571
-0 -0 0 1
115 115 0
-0.994178 -0.00949512 0.107333 -0.500215
-0.021823 0.99321 -0.114273 -0.023055
-0.105519 -0.11595 -0.987634 1.17429
-0 -0 0 1
116 116 0
-0.989243 -0.00622299 0.146146 -0.576709
-0.0229939 0.993289 -0.113348 -0.0256399
-0.14446 -0.115489 -0.982748 1.11822
-0 -0 0 1
117 117 0
-0.956896 0.0090764 0.290288 -0.658495
-0.0240573 0.9936 -0.110369 -0.0288289
-0.289432 -0.112595 -0.950553 1.07051
-0 -0 0 1
118 118 0
-0.920413 0.0186034 0.390505 -0.723318
-0.0257838 0.993804 -0.108116 -0.0142303
-0.390096 -0.10958 -0.91423 1.0849
-0 -0 0 1
119 119 0
-0.901478 0.0142243 0.432592 -0.783195
-0.0267263 0.995723 -0.0884358 0.00372282
-0.432 -0.0912845 -0.897242 1.13369
-0 -0 0 1
120 120 0
-0.891206 -0.018103 0.453237 -0.827103
-0.0280679 0.999489 -0.0152692 0.025779
-0.452729 -0.0263294 -0.891259 1.20975
-0 -0 0 1
121 121 0
-0.883524 -0.0555939 0.465076 -0.881091
-0.029382 0.997554 0.0634267 0.045361
-0.467464 0.0423742 -0.882996 1.26192
-0 -0 0 1
122 122 0
-0.882828 -0.0808363 0.462689 -0.918489
-0.0317923 0.993104 0.112844 0.0674444
-0.46862 0.0849122 -0.87931 1.2991
-0 -0 0 1
123 123 0
-0.876647 -0.0943539 0.471791 -0.986579
-0.0308191 0.989581 0.140641 0.0957275
-0.480145 0.108753 -0.870421 1.30742
-0 -0 0 1
124 124 0
-0.863993 -0.107913 0.491804 -1.04435
-0.0313755 0.986403 0.161319 0.11153
-0.502525 0.123948 -0.855632 1.33681
-0 -0 0 1
125 125 0
-0.855474 -0.127901 0.501802 -1.10947
-0.0322469 0.980296 0.194886 0.119897
-0.516841 0.150538 -0.842742 1.30816
-0 -0 0 1
126 126 0
-0.845859 -0.134596 0.516146 -1.18266
-0.0320993 0.978731 0.202621 0.116366
-0.53244 0.154821 -0.832189 1.27459
-0 -0 0 1
127 127 0
-0.83761 -0.136929 0.528829 -1.22493
-0.0316405 0.97861 0.203276 0.0991655
-0.545352 0.153533 -0.824026 1.19404
-0 -0 0 1
128 128 0
-0.761171 -0.156232 0.629452 -1.23803
-0.0296052 0.97791 0.20692 0.0693253
-0.647875 0.138867 -0.748982 1.1096
-0 -0 0 1
129 129 0
-0.651247 -0.181161 0.736924 -1.23452
-0.0312966 0.976672 0.212442 0.0316705
-0.75822 0.115289 -0.641725 1.02462
-0 -0 0 1
130 130 0
-0.591486 -0.188117 0.784064 -1.28037
-0.03142 0.977043 0.210715 -0.0124354
-0.805703 0.0999994 -0.583817 0.967211
-0 -0 0 1
131 131 0
-0.563765 -0.117642 0.817514 -1.30668
-0.0325491 0.9922 0.120334 -0.0491738
-0.825294 0.0412306 -0.563197 0.909479
-0 -0 0 1
132 132 0
-0.506654 -0.00959275 0.862096 -1.33848
-0.0329288 0.999424 -0.00823141 -0.0542106
-0.86152 -0.0325582 -0.506678 0.868544
-0 -0 0 1
133 133 0
-0.433028 0.0180309 0.9012 -1.37556
-0.032767 0.998824 -0.0357287 -0.0572801
-0.900785 -0.0450012 -0.431928 0.802769
-0 -0 0 1
134 134 0
-0.402413 0.0195292 0.91525 -1.41106
-0.0324718 0.998839 -0.0355899 -0.0518807
-0.914882 -0.0440417 -0.401311 0.713962
-0 -0 0 1
135 135 0
-0.381044 0.0197897 0.924345 -1.43667
-0.0323347 0.998874 -0.0347147 -0.0480098
-0.923991 -0.0431163 -0.379975 0.633643
-0 -0 0 1
136 136 0
-0.345762 0.0200079 0.938109 -1.45074
-0.0317443 0.998951 -0.0330057 -0.037167
-0.937785 -0.0411918 -0.344764 0.558247
-0 -0 0 1
137 137 0
-0.251994 0.01434 0.967623 -1.48291
-0.0308561 0.999263 -0.0228446 -0.0225138
-0.967237 -0.0356137 -0.251366 0.503875
-0 -0 0 1
138 138 0
-0.161133 0.00899016 0.986892 -1.50235
-0.0295111 0.999467 -0.0139231 -0.00912267
-0.986491 -0.0313677 -0.160782 0.434455
-0 -0 0 1
139 139 0
-0.10535 -0.0173731 0.994283 -1.57062
-0.0305246 0.999433 0.0142288 0.00519615
-0.993967 -0.0288511 -0.10582 0.384521
-0 -0 0 1
140 140 0
-0.0636585 -0.0849939 0.994346 -1.62189
-0.0301515 0.996076 0.0832115 0.0170477
-0.997516 -0.0246839 -0.0659713 0.313234
-0 -0 0 1
141 141 0
-0.0516149 -0.135291 0.989461 -1.69477
-0.030828 0.990525 0.133829 0.0257068
-0.998191 -0.0235955 -0.0552966 0.278798
-0 -0 0 1
142 142 0
-0.0277877 -0.15747 0.987133 -1.75332
-0.0302031 0.987195 0.15663 0.0301394
-0.999157 -0.025462 -0.0321879 0.234293
-0 -0 0 1
143 143 0
-0.00749395 -0.172101 0.985051 -1.81271
-0.0311428 0.984641 0.171792 0.0451755
-0.999487 -0.0293898 -0.0127385 0.213324
-0 -0 0 1
144 144 0
0.0158683 -0.211467 0.977256 -1.8064
-0.0303956 0.976826 0.211867 0.0694152
-0.999412 -0.0330662 0.00907296 0.153699
-0 -0 0 1
145 145 0
0.0116678 -0.283784 0.958817 -1.76076
-0.0326366 0.958263 0.284018 0.0739052
-0.999399 -0.0346064 0.0019191 0.142909
-0 -0 0 1
146 146 0
-0.00229701 -0.285803 0.958286 -1.68661
-0.0337085 0.957766 0.285568 0.0301086
-0.999429 -0.0316464 -0.011834 0.109322
-0 -0 0 1
147 147 0
0.0174375 -0.286511 0.957918 -1.58883
-0.0325788 0.957392 0.286947 0.0023643
-0.999317 -0.0362114 0.0073604 0.0859561
-0 -0 0 1
148 148 0
0.0539787 -0.26739 0.962075 -1.50205
-0.0334394 0.962456 0.269372 -0.0197407
-0.997982 -0.0467116 0.0430107 0.0353644
-0 -0 0 1
149 149 0
0.0473673 -0.226778 0.972794 -1.43506
-0.0337503 0.972968 0.228461 -0.0248055
-0.998307 -0.0436537 0.038433 -0.0234212
-0 -0 0 1
150 150 0
0.041611 -0.192675 0.98038 -1.36065
-0.0351229 0.980341 0.194158 -0.033512
-0.998516 -0.0425129 0.0340257 -0.106934
-0 -0 0 1
151 151 0
0.080895 -0.136 0.987401 -1.36218
-0.0335967 0.989712 0.139071 -0.0421448
-0.996156 -0.0444235 0.0754937 -0.190709
-0 -0 0 1
152 152 0
0.156318 -0.102505 0.982373 -1.38483
-0.0312511 0.993589 0.108648 -0.0488174
-0.987212 -0.0476839 0.152113 -0.270638
-0 -0 0 1
153 153 0
0.271289 -0.0944129 0.957856 -1.41729
-0.026393 0.994073 0.105458 -0.0474907
-0.962136 -0.0538903 0.26719 -0.333821
-0 -0 0 1
154 154 0
0.408432 -0.0915891 0.908182 -1.41685
-0.0227385 0.993624 0.110432 -0.0318429
-0.912506 -0.0657546 0.403745 -0.408013
-0 -0 0 1
155 155 0
0.466779 -0.0901037 0.879772 -1.45217
-0.0211074 0.993378 0.112938 -0.0321348
-0.884122 -0.0712866 0.461786 -0.475802
-0 -0 0 1
156 156 0
0.576368 -0.0849153 0.812767 -1.4161
-0.0166366 0.993161 0.11556 -0.040233
-0.817021 -0.0801268 0.571014 -0.551909
-0 -0 0 1
157 157 0
0.654366 -0.0802928 0.751903 -1.37025
-0.0125306 0.993059 0.11695 -0.0413492
-0.756075 -0.0859498 0.648817 -0.620157
-0 -0 0 1
158 158 0
0.766364 -0.0707369 0.6385 -1.31076
-0.00691121 0.992954 0.118301 -0.041909
-0.642369 -0.0950743 0.760476 -0.667666
-0 -0 0 1
159 159 0
0.789175 -0.0691399 0.610264 -1.28729
-0.00681456 0.992596 0.121269 -0.0263446
-0.61413 -0.0998608 0.782861 -0.75269
-0 -0 0 1
160 160 0
0.8153 -0.0673661 0.575107 -1.23437
-0.00499279 0.992355 0.123319 -0.0138307
-0.579018 -0.103413 0.80873 -0.833404
-0 -0 0 1
161 161 0
0.832871 -0.0681058 0.549261 -1.19941
-0.0049634 0.991441 0.13046 -0.00637442
-0.553445 -0.111383 0.825405 -0.903223
-0 -0 0 1
162 162 0
0.833759 -0.0742283 0.547116 -1.10234
-0.0053856 0.989781 0.142493 -0.0384076
-0.552102 -0.121751 0.824839 -0.944961
-0 -0 0 1
163 163 0
0.817771 -0.0767142 0.570408 -1.00774
-0.00728081 0.989619 0.143532 -0.0679164
-0.575497 -0.12153 0.808723 -0.95739
-0 -0 0 1
164 164 0
0.815206 -0.0771832 0.574005 -0.902614
-0.00792314 0.989502 0.144305 -0.0829703
-0.579117 -0.122186 0.806036 -0.972352
-0 -0 0 1
165 165 0
0.826117 -0.0746201 0.558536 -0.838141
-0.00741124 0.989669 0.143181 -0.0871327
-0.56345 -0.122424 0.817029 -1.02582
-0 -0 0 1
166 166 0
0.869617 -0.0665592 0.48922 -0.756857
-0.00478595 0.989689 0.143156 -0.0910913
-0.493703 -0.126832 0.860332 -1.04774
-0 -0 0 1
167 167 0
0.916232 -0.0550354 0.39685 -0.698746
-0.0022943 0.989783 0.142561 -0.0931613
-0.400641 -0.131529 0.906745 -1.08729
-0 -0 0 1
168 168 0
0.974739 -0.0361995 0.220395 -0.602999
0.00464735 0.989852 0.142028 -0.0855319
-0.2233 -0.137416 0.965015 -1.09153
-0 -0 0 1
169 169 0
0.99073 -0.0255378 0.133426 -0.486603
0.00649672 0.989954 0.141237 -0.0859444
-0.135693 -0.139061 0.980943 -1.11582
-0 -0 0 1
170 170 0
0.997164 -0.0187333 0.0728854 -0.396622
0.00828833 0.989968 0.141051 -0.0746562
-0.0747965 -0.140047 0.987316 -1.14328
-0 -0 0 1
171 171 0
0.999884 -0.0100721 0.0114071 -0.322758
0.00839104 0.990275 0.138869 -0.0733656
-0.0126948 -0.138757 0.990245 -1.21766
-0 -0 0 1
172 172 0
0.998842 -0.00280141 -0.0480377 -0.247831
0.00941677 0.990381 0.138046 -0.0636178
0.0471889 -0.138338 0.98926 -1.27223
-0 -0 0 1
173 173 0
0.996016 0.00266315 -0.0891314 -0.158854
0.00984782 0.990155 0.139631 -0.0529831
0.0886257 -0.139953 0.986184 -1.30864
-0 -0 0 1
174 174 0
0.995012 0.00483223 -0.0996369 -0.057818
0.00934015 0.989925 0.141284 -0.0357525
0.0993157 -0.14151 0.984942 -1.35631
-0 -0 0 1
175 175 0
0.997012 0.0049773 -0.0770867 0.0203832
0.00691547 0.988164 0.153246 -0.0233409
0.0769371 -0.153321 0.985177 -1.41041
-0 -0 0 1
176 176 0
0.999295 0.00368872 -0.0373569 0.088843
0.00367692 0.980757 0.1952 -0.00379364
0.037358 -0.1952 0.980052 -1.41502
-0 -0 0 1
177 177 0
0.999693 -0.00521293 0.02422 0.156034
-0.000415238 0.97395 0.226765 -0.0127802
-0.0247712 -0.226705 0.973648 -1.39034
-0 -0 0 1
178 178 0
0.998347 -0.0118333 0.0562343 0.240066
-0.00125334 0.973852 0.227178 -0.0334418
-0.0574522 -0.226873 0.972228 -1.38019
-0 -0 0 1
179 179 0
0.998289 -0.0110589 0.0574146 0.284242
-0.00204474 0.974747 0.223303 -0.0684577
-0.0584342 -0.223039 0.973057 -1.34614
-0 -0 0 1
180 180 0
0.999153 -0.00375237 0.0409869 0.357775
-0.00247092 0.988571 0.150739 -0.0935105
-0.0410841 -0.150712 0.987724 -1.33136
-0 -0 0 1
181 181 0
0.999546 -0.00143058 0.0301056 0.386008
-0.00178281 0.994317 0.10644 -0.0968501
-0.0300868 -0.106446 0.993863 -1.35452
-0 -0 0 1
182 182 0
0.999955 0.00184015 -0.009274 0.425172
-0.00112574 0.997072 0.0764587 -0.102111
0.00938754 -0.0764448 0.99703 -1.33117
-0 -0 0 1
183 183 0
0.993834 0.00120088 -0.110874 0.40975
0.00361465 0.999059 0.0432214 -0.0985798
0.110821 -0.0433556 0.992894 -1.32499
-0 -0 0 1
184 184 0
0.978999 0.00197382 -0.203858 0.417801
0.00697246 0.999044 0.0431573 -0.0863951
0.203748 -0.0436723 0.978049 -1.27854
-0 -0 0 1
185 185 0
0.969252 0.00232567 -0.246058 0.434668
0.00869953 0.999006 0.0437109 -0.0547082
0.245915 -0.0445075 0.968269 -1.22955
-0 -0 0 1
186 186 0
0.968921 0.0027863 -0.247353 0.421872
0.00837101 0.998995 0.0440437 -0.0314745
0.247227 -0.0447455 0.967924 -1.21093
-0 -0 0 1
187 187 0
0.969749 0.0131048 -0.243754 0.444376
0.00790666 0.996348 0.0850219 -0.00131509
0.243978 -0.0843771 0.966103 -1.18134
-0 -0 0 1
188 188 0
0.976566 0.0318734 -0.212846 0.504855
0.00808735 0.98284 0.184285 0.0104915
0.215067 -0.181687 0.95955 -1.14535
-0 -0 0 1
189 189 0
0.999756 0.0092868 -0.0200523 0.537547
-0.00513524 0.980203 0.197931 -0.0260152
0.0214934 -0.197779 0.980011 -1.11402
-0 -0 0 1
190 190 0
0.985433 -0.0237746 0.168395 0.569861
-0.00920606 0.981271 0.192412 -0.0351683
-0.169816 -0.191159 0.966758 -1.07325
-0 -0 0 1
191 191 0
0.987954 -0.0178603 0.153716 0.620815
-0.00802824 0.986065 0.166169 -0.0329752
-0.154542 -0.165402 0.974043 -1.01364
-0 -0 0 1
192 192 0
0.99341 -0.0131461 0.113856 0.676158
-0.00475996 0.987811 0.155586 -0.0267593
-0.114514 -0.155103 0.981239 -0.92838
-0 -0 0 1
193 193 0
0.992733 0.00636816 -0.120171 0.707638
0.00764708 0.993242 0.115807 -0.0251308
0.120096 -0.115885 0.985976 -0.853061
-0 -0 0 1
194 194 0
0.925252 0.0157874 -0.379024 0.723143
0.0159292 0.996636 0.080398 -0.0318483
0.379018 -0.0804259 0.921888 -0.789615
-0 -0 0 1
195 195 0
0.814215 0.0107171 -0.580465 0.757181
0.0234833 0.998403 0.0513734 -0.0757343
0.580089 -0.0554602 0.812663 -0.738008
-0 -0 0 1
196 196 0
0.741107 0.0119982 -0.67128 0.781911
0.0264759 0.99854 0.0470775 -0.0844214
0.670865 -0.0526622 0.739707 -0.744087
-0 -0 0 1
197 197 0
0.674596 0.0135556 -0.738062 0.793443
0.0290219 0.998571 0.0448666 -0.0898967
0.737616 -0.0516868 0.673239 -0.670714
-0 -0 0 1
198 198 0
0.603548 0.0146155 -0.797193 0.822702
0.0312296 0.998631 0.0419523 -0.0695682
0.796715 -0.0502162 0.602266 -0.644718
-0 -0 0 1
199 199 0
0.586193 0.0151495 -0.81003 0.881276
0.0311143 0.998667 0.0411939 -0.0582942
0.809574 -0.0493511 0.58494 -0.664448
-0 -0 0 1
200 200 0
0.584935 0.0396976 -0.810108 0.936478
0.0296878 0.997084 0.0702958 -0.00795898
0.810537 -0.0651688 0.582051 -0.714961
-0 -0 0 1
201 201 0
0.580301 0.0964053 -0.808676 0.962402
0.0292553 0.98986 0.138998 0.0301752
0.813876 -0.104319 0.571597 -0.743094
-0 -0 0 1
202 202 0
0.577659 0.149314 -0.802505 0.95578
0.0283524 0.978864 0.202536 0.0625153
0.815785 -0.13975 0.561217 -0.739228
-0 -0 0 1
203 203 0
0.59133 0.194184 -0.782701 0.935395
0.0273903 0.96518 0.260149 0.0636386
0.805964 -0.175272 0.565421 -0.685343
-0 -0 0 1
204 204 0
0.606953 0.215033 -0.765094 0.89741
0.0273505 0.956478 0.29052 0.0824135
0.794267 -0.197258 0.574656 -0.597949
-0 -0 0 1
205 205 0
0.521014 0.248922 -0.816445 0.858056
0.0301313 0.950571 0.309043 0.0907069
0.853016 -0.185616 0.48776 -0.509958
-0 -0 0 1
206 206 0
0.39571 0.296604 -0.869161 0.859652
0.0320688 0.941371 0.335846 0.0929868
0.917816 -0.16077 0.362998 -0.42978
-0 -0 0 1
207 207 0
0.322173 0.307792 -0.895248 0.925334
0.0328586 0.941465 0.335507 0.0958521
0.94611 -0.137508 0.293201 -0.345764
-0 -0 0 1
208 208 0
0.193605 0.324923 -0.925712 0.953081
0.0341134 0.940764 0.337341 0.0883274
0.980486 -0.0968901 0.171052 -0.265429
-0 -0 0 1
209 209 0
0.0553659 0.3297 -0.942461 1.01238
0.0310497 0.942884 0.331672 0.0921467
0.997983 -0.0476265 0.0419665 -0.173062
-0 -0 0 1
210 210 0
-0.0930799 0.330357 -0.939255 1.04909
0.0329458 0.943856 0.32871 0.0858338
0.995113 -0.000348227 -0.0987379 -0.088316
-0 -0 0 1
211 211 0
-0.319182 0.311389 -0.895075 1.10987
0.0260432 0.947003 0.320167 0.0676117
0.947335 0.0788811 -0.310376 -0.0307358
-0 -0 0 1
212 212 0
-0.39192 0.29444 -0.87161 1.15226
0.0240569 0.950359 0.310225 0.0320659
0.919685 0.100615 -0.379548 0.028892
-0 -0 0 1
213 213 0
-0.463885 0.268796 -0.844132 1.21012
0.0200899 0.955804 0.293316 0.0179098
0.885667 0.119106 -0.448784 0.05125
-0 -0 0 1
214 214 0
-0.499805 0.243611 -0.831173 1.26278
0.0167372 0.962169 0.27194 -0.000232628
0.865976 0.122005 -0.484974 0.0767962
-0 -0 0 1
215 215 0
-0.522849 0.17472 -0.834327 1.30809
0.0150468 0.980508 0.195903 -0.0115604
0.852292 0.0898739 -0.515287 0.124779
-0 -0 0 1
216 216 0
-0.50167 0.151108 -0.851759 1.34749
0.0109962 0.98566 0.168386 -0.00281152
0.864989 0.0751083 -0.496138 0.149046
-0 -0 0 1
217 217 0
-0.411218 0.152069 -0.898763 1.35395
0.0128816 0.986857 0.161081 -0.00280962
0.911446 0.0546618 -0.407773 0.224638
-0 -0 0 1
218 218 0
-0.242583 0.105498 -0.964377 1.37831
0.0152177 0.994361 0.10495 -0.0276815
0.970011 0.0107835 -0.24282 0.245195
-0 -0 0 1
219 219 0
-0.136093 0.0601761 -0.988867 1.34991
0.0155878 0.99816 0.0585963 -0.041419
0.990573 -0.00743977 -0.13678 0.286184
-0 -0 0 1
220 220 0
-0.119666 0.0311469 -0.992325 1.32795
0.0163198 0.999434 0.029402 -0.0273074
0.99268 -0.0126761 -0.120107 0.326919
-0 -0 0 1
221 221 0
-0.131829 0.0313017 -0.990778 1.33152
0.0160257 0.999438 0.029443 -0.00538358
0.991143 -0.0119965 -0.132256 0.36629
-0 -0 0 1
222 222 0
-0.229455 0.0298826 -0.97286 1.34231
0.0157197 0.999512 0.0269937 0.0292219
0.973192 -0.00909921 -0.229813 0.394945
-0 -0 0 1
223 223 0
-0.343151 0.0633212 -0.937144 1.36376
0.0112767 0.997931 0.0632993 0.071793
0.939213 0.0111533 -0.343155 0.384551
-0 -0 0 1
224 224 0
-0.385496 0.105256 -0.916686 1.35862
0.00997888 0.99389 0.109925 0.099734
0.922656 0.033228 -0.384191 0.415224
-0 -0 0 1
225 225 0
-0.402229 0.125822 -0.906852 1.32395
0.0112193 0.991115 0.132536 0.125324
0.91547 0.0431358 -0.400067 0.476592
-0 -0 0 1
226 226 0
-0.372728 0.184262 -0.909462 1.26772
0.0118864 0.980954 0.193875 0.127633
0.927864 0.0614526 -0.36782 0.491805
-0 -0 0 1
227 227 0
-0.391268 0.185095 -0.90147 1.21017
0.0115882 0.980478 0.196288 0.12612
0.920204 0.0663548 -0.385775 0.533222
-0 -0 0 1
228 228 0
-0.404336 0.184701 -0.895767 1.15293
0.0111299 0.980318 0.197111 0.128115
0.914543 0.0697293 -0.398434 0.566872
-0 -0 0 1
229 229 0
-0.412978 0.212207 -0.885673 1.09564
0.0107778 0.973546 0.228236 0.107092
0.910677 0.084711 -0.404341 0.60431
-0 -0 0 1
230 230 0
-0.434612 0.2283 -0.871201 1.01671
0.0106711 0.968575 0.248493 0.0709995
0.900555 0.0987014 -0.42339 0.624438
-0 -0 0 1
231 231 0
-0.441619 0.227512 -0.867877 0.94545
0.00968364 0.968467 0.248954 0.0399949
0.89715 0.101539 -0.429897 0.659663
-0 -0 0 1
232 232 0
-0.474779 0.219394 -0.852321 0.88727
0.0102855 0.969748 0.243891 0.0052782
0.880045 0.107028 -0.462673 0.699484
-0 -0 0 1
233 233 0
-0.52116 0.16925 -0.836509 0.820994
0.0071016 0.980965 0.194053 -0.0233261
0.853429 0.0951921 -0.512442 0.731424
-0 -0 0 1
234 234 0
-0.571953 0.0690925 -0.817371 0.763879
0.00570221 0.996757 0.0802659 -0.0419826
0.820266 0.0412475 -0.570493 0.78153
-0 -0 0 1
235 235 0
-0.588927 0.000736769 -0.808186 0.754221
0.0041609 0.999989 -0.00212044 -0.0443352
0.808175 -0.00461157 -0.588924 0.822588
-0 -0 0 1
236 236 0
-0.628908 -0.0494829 -0.775904 0.669826
0.00419393 0.997742 -0.06703 -0.038394
0.777469 -0.0454097 -0.62728 0.838267
-0 -0 0 1
237 237 0
-0.823304 -0.0378938 -0.566335 0.639643
0.00148078 0.997622 -0.0689041 -0.0350054
0.567599 -0.0575676 -0.82129 0.852779
-0 -0 0 1
238 238 0
-0.955996 -0.0254597 -0.292273 0.575697
-0.00378324 0.997214 -0.0744919 -0.0314225
0.293356 -0.0701082 -0.953429 0.878741
-0 -0 0 1
239 239 0
-0.990378 -0.0157982 -0.137485 0.520463
-0.00557941 0.997213 -0.0743968 -0.0276899
0.138278 -0.0729138 -0.987706 0.902297
-0 -0 0 1
240 240 0
-0.999934 -0.00932016 -0.00669779 0.427831
-0.0087985 0.997213 -0.0740927 -0.0108521
0.00736968 -0.0740289 -0.997229 0.921242
-0 -0 0 1
241 241 0
-0.999948 -0.00995474 -0.0021935 0.354075
-0.00983805 0.9988 -0.0479833 0.00556099
0.00266853 -0.0479592 -0.998846 0.951987
-0 -0 0 1
242 242 0
-0.998196 -0.0103481 -0.0591393 0.279546
-0.0115049 0.999748 0.0192536 0.0288198
0.0589252 0.0198992 -0.998064 0.970761
-0 -0 0 1
243 243 0
-0.996272 -0.00666928 -0.0860045 0.263702
-0.0124895 0.997654 0.0673141 0.0596107
0.0853537 0.0681374 -0.994018 1.02263
-0 -0 0 1
244 244 0
-0.996764 -0.00652469 -0.0801161 0.205353
-0.0145716 0.994853 0.100271 0.0838667
0.0790495 0.101114 -0.991729 1.05561
-0 -0 0 1
245 245 0
-0.997351 -0.00467158 -0.072586 0.152238
-0.0155578 0.988541 0.150147 0.109623
0.0710528 0.150879 -0.985996 1.09128
-0 -0 0 1
246 246 0
-0.997745 0.000273701 -0.0671163 0.0889045
-0.0157706 0.971038 0.238404 0.122858
0.0652377 0.238925 -0.968844 1.14127
-0 -0 0 1
247 247 0
-0.998039 0.00187421 -0.0625671 0.0102579
-0.0153087 0.961889 0.273011 0.141851
0.0606943 0.273433 -0.959974 1.17516
-0 -0 0 1
248 248 0
-0.997853 0.00760321 -0.0650516 -0.0528161
-0.0151952 0.939261 0.342866 0.153512
0.0637073 0.343118 -0.937129 1.25566
-0 -0 0 1
249 249 0
-0.995683 0.0173701 -0.0911801 -0.100349
-0.0158659 0.936027 0.351571 0.150913
0.0914538 0.3515 -0.93171 1.34009
-0 -0 0 1
250 250 0
-0.994123 0.0226655 -0.105861 -0.142065
-0.0171961 0.932364 0.361111 0.146315
0.106886 0.360809 -0.926494 1.44154
-0 -0 0 1
251 251 0
-0.995969 0.0146227 -0.0884956 -0.159985
-0.0183579 0.932505 0.360691 0.124579
0.0877969 0.360862 -0.928477 1.55019
-0 -0 0 1
252 252 0
-0.999684 -0.016303 -0.0191182 -0.167969
-0.0221203 0.931929 0.361964 0.0854408
0.0119157 0.362273 -0.931996 1.6176
-0 -0 0 1
253 253 0
-0.999052 -0.0355071 0.025203 -0.156815
-0.0242096 0.934066 0.356278 0.0501071
-0.0361917 0.35533 -0.93404 1.67342
-0 -0 0 1
254 254 0
-0.998147 -0.036598 0.0486177 -0.143665
-0.0238949 0.970484 0.239978 0.0062303
-0.0559654 0.238371 -0.96956 1.70572
-0 -0 0 1
255 255 0
-0.997439 -0.0356973 0.0619809 -0.140416
-0.0267101 0.989762 0.140206 -0.00750148
-0.0663513 0.138191 -0.988181 1.72284
-0 -0 0 1
256 256 0
-0.998217 -0.031554 0.0506739 -0.139527
-0.0272557 0.996145 0.0833821 -0.0193356
-0.0531096 0.0818523 -0.995228 1.73112
-0 -0 0 1
257 257 0
-0.999206 -0.027047 0.0292528 -0.143064
-0.0279716 0.999107 -0.0316731 -0.0226543
-0.02837 -0.0324662 -0.99907 1.73992
-0 -0 0 1
258 258 0
-0.999593 -0.0284325 0.00246167 -0.142166
-0.0285332 0.997389 -0.0663347 -0.0197175
-0.000569182 -0.0663779 -0.997794 1.73263
-0 -0 0 1
259 259 0
-0.998839 -0.030998 -0.0368729 -0.152608
-0.0284323 0.997268 -0.0681806 0.00691532
0.0388856 -0.0670531 -0.996991 1.69568
-0 -0 0 1
260 260 0
-0.998296 -0.0304599 -0.0497771 -0.204888
-0.0276085 0.997992 -0.0569993 0.053763
0.0514133 -0.0555279 -0.997133 1.63011
-0 -0 0 1
261 261 0
-0.997939 -0.0255847 -0.0588498 -0.233908
-0.0267486 0.99946 0.0190748 0.0871262
0.05833 0.0206096 -0.998085 1.55656
-0 -0 0 1
262 262 0
-0.996396 -0.0179487 -0.0829019 -0.273342
-0.0271682 0.993398 0.111458 0.102766
0.080354 0.113309 -0.990305 1.47409
-0 -0 0 1
263 263 0
-0.995826 -0.0112093 -0.0905864 -0.323688
-0.0266909 0.984813 0.171553 0.109321
0.0872877 0.173254 -0.981001 1.3855
-0 -0 0 1
264 264 0
-0.99677 -0.00805883 -0.0799041 -0.373887
-0.0243305 0.978496 0.204825 0.114872
0.0765353 0.206107 -0.975532 1.30339
-0 -0 0 1
265 265 0
-0.995197 -0.0477881 0.0854411 -0.429365
-0.0267977 0.972407 0.231745 0.11577
-0.0941582 0.228342 -0.969017 1.22517
-0 -0 0 1
266 266 0
-0.965228 -0.0907611 0.245147 -0.508993
-0.0260048 0.966478 0.255431 0.114165
-0.260112 0.240174 -0.935232 1.15417
-0 -0 0 1
267 267 0
-0.898223 -0.150884 0.412831 -0.596434
-0.0307752 0.958518 0.283366 0.116397
-0.438461 0.241821 -0.865606 1.10378
-0 -0 0 1
268 268 0
-0.837518 -0.194417 0.510652 -0.698142
-0.0298972 0.949464 0.312448 0.120404
-0.545591 0.246414 -0.801006 1.10906
-0 -0 0 1
269 269 0
-0.763362 -0.232148 0.602815 -0.77078
-0.0346205 0.946554 0.320683 0.109767
-0.645042 0.223928 -0.7306 1.16774
-0 -0 0 1
270 270 0
-0.73805 -0.241744 0.629955 -0.864379
-0.0359829 0.946389 0.321017 0.0479404
-0.673786 0.214259 -0.707181 1.19652
-0 -0 0 1
271 271 0
-0.731696 -0.239756 0.638074 -0.958101
-0.036379 0.9485 0.314682 0.0205698
-0.68066 0.207039 -0.702735 1.21896
-0 -0 0 1
272 272 0
-0.732181 -0.183095 0.656039 -1.05045
-0.0371374 0.97249 0.229967 0.0012992
-0.680097 0.144014 -0.718838 1.19845
-0 -0 0 1
273 273 0
-0.719653 -0.0985868 0.687299 -1.14074
-0.0375563 0.993946 0.103248 -0.0144806
-0.693317 0.0484907 -0.718999 1.17958
-0 -0 0 1
274 274 0
-0.701149 0.000138327 0.713015 -1.20591
-0.0398508 0.998429 -0.0393813 -0.0280867
-0.7119 -0.0560264 -0.700042 1.12076
-0 -0 0 1
275 275 0
-0.665412 0.0168214 0.746287 -1.22224
-0.0392581 0.997574 -0.0574892 -0.0229292
-0.745443 -0.0675518 -0.663137 1.03134
-0 -0 0 1
276 276 0
-0.573921 0.0372093 0.818065 -1.25366
-0.039095 0.996583 -0.0727566 -0.026396
-0.817977 -0.0737388 -0.570505 0.924637
-0 -0 0 1
277 277 0
-0.514828 0.0493534 0.855871 -1.29953
-0.0382429 0.996026 -0.0804394 -0.0245397
-0.85644 -0.0741435 -0.510895 0.812327
-0 -0 0 1
278 278 0
-0.380364 0.0572007 0.923066 -1.32513
-0.0353142 0.996459 -0.0763005 -0.0252131
-0.924162 -0.0616193 -0.376997 0.715632
-0 -0 0 1
279 279 0
-0.232502 0.0621432 0.970609 -1.35224
-0.0329841 0.996879 -0.0717263 -0.0194489
-0.972037 -0.0486911 -0.229726 0.602957
-0 -0 0 1
280 280 0
-0.155289 0.0639574 0.985796 -1.35125
-0.0309476 0.997097 -0.0695657 -0.012868
-0.987384 -0.0413108 -0.152859 0.488928
-0 -0 0 1
281 281 0
-0.0685554 0.0497702 0.996405 -1.35086
-0.0288463 0.998238 -0.0518465 0.0176892
-0.99723 -0.0322969 -0.066999 0.350284
-0 -0 0 1
282 282 0
0.0372595 0.0252908 0.998986 -1.34992
-0.0260752 0.999364 -0.0243278 0.0260866
-0.998965 -0.0251423 0.0378952 0.216196
-0 -0 0 1
283 283 0
0.149717 -0.0111781 0.988666 -1.35178
-0.0216838 0.999658 0.014586 0.040621
-0.988491 -0.0236218 0.149424 0.0999541
-0 -0 0 1
284 284 0
0.311911 -0.0777623 0.946924 -1.3714
-0.0182361 0.995971 0.087797 0.055368
-0.949936 -0.044653 0.309236 0.0500483
-0 -0 0 1
285 285 0
0.329791 -0.126904 0.935485 -1.47318
-0.0247505 0.989421 0.142947 0.0675229
-0.943729 -0.0702963 0.323161 0.0947995
-0 -0 0 1
286 286 0
0.262583 -0.169137 0.94997 -1.61405
-0.032529 0.982406 0.183904 0.0599796
-0.964361 -0.0791917 0.252462 0.100834
-0 -0 0 1
287 287 0
0.105136 -0.190805 0.975981 -1.72721
-0.0396921 0.979833 0.195834 0.0512304
-0.993665 -0.059328 0.0954426 0.149884
-0 -0 0 1
288 288 0
-0.0188008 -0.194963 0.98063 -1.78432
-0.0446575 0.979989 0.193979 0.0254776
-0.998825 -0.0401455 -0.0271311 0.194138
-0 -0 0 1
289 289 0
-0.107961 -0.19831 0.974175 -1.7295
-0.0443488 0.979888 0.194558 0.00678894
-0.993165 -0.0221989 -0.114584 0.168305
-0 -0 0 1
290 290 0
-0.114588 -0.164159 0.979756 -1.61411
-0.0430298 0.986147 0.160197 -0.0313436
-0.992481 -0.0238021 -0.120064 0.111808
-0 -0 0 1
291 291 0
-0.100555 -0.083442 0.991426 -1.52876
-0.0433191 0.995899 0.0794248 -0.0726361
-0.993988 -0.0349611 -0.103758 0.0454257
-0 -0 0 1
292 292 0
0.0174707 -0.0291818 0.999421 -1.43915
-0.037393 0.998856 0.029819 -0.0695396
-0.999148 -0.0378923 0.0163595 -0.0385857
-0 -0 0 1
293 293 0
0.144532 -0.0265629 0.989143 -1.38538
-0.0325776 0.99897 0.0315869 -0.0618392
-0.988964 -0.0367892 0.143518 -0.161958
-0 -0 0 1
294 294 0
