0 0 0
0.999938 0.0110221 -0.00179758 -0.280393
-0.0110133 0.999927 0.00487366 0.0220723
0.00185117 -0.00485356 0.999987 -1.45045
-0 -0 0 1
1 1 0
0.999949 0.0100696 -0.000426387 -0.257014
-0.0100671 0.999934 0.00545131 0.0217574
0.000481251 -0.00544674 0.999985 -1.44537
-0 -0 0 1
2 2 0
0.99993 0.00841552 -0.00833873 -0.224402
-0.00837345 0.999952 0.00506626 0.0226557
0.00838096 -0.00499608 0.999952 -1.44318
-0 -0 0 1
3 3 0
0.999584 0.00728329 -0.0279125 -0.189058
-0.00713301 0.99996 0.00547957 0.0211645
0.0279513 -0.00527818 0.999595 -1.43415
-0 -0 0 1
4 4 0
0.994979 0.00695559 -0.0998423 -0.148833
-0.00647696 0.999966 0.00511721 0.0207896
0.0998745 -0.00444484 0.99499 -1.43326
-0 -0 0 1
5 5 0
0.989825 0.00636233 -0.14215 -0.110404
-0.00566596 0.99997 0.00530307 0.0184217
0.142179 -0.0044437 0.989831 -1.42728
-0 -0 0 1
6 6 0
0.983128 0.00569836 -0.182831 -0.0667847
-0.00497675 0.999978 0.00440544 0.0166639
0.182852 -0.0034212 0.983134 -1.432
-0 -0 0 1
7 7 0
0.978308 0.0052824 -0.20709 -0.018522
-0.00449114 0.999981 0.00429082 0.0160199
0.207108 -0.00326767 0.978313 -1.42759
-0 -0 0 1
8 8 0
0.973873 0.00482331 -0.227042 0.0348719
-0.00398811 0.999983 0.00413722 0.0163262
0.227058 -0.00312366 0.973876 -1.4292
-0 -0 0 1
9 9 0
0.972561 0.00419424 -0.232608 0.0940342
-0.00327738 0.999985 0.00432796 0.0159342
0.232623 -0.00344686 0.972561 -1.42388
-0 -0 0 1
10 10 0
0.96866 0.00339902 -0.248366 0.153101
-0.00226508 0.999986 0.00485124 0.0170111
0.248379 -0.00413664 0.968654 -1.41257
-0 -0 0 1
11 11 0
0.962683 0.0031283 -0.270614 0.20865
-0.00175529 0.999984 0.00531554 0.0127163
0.270627 -0.00464217 0.962673 -1.4043
-0 -0 0 1
12 12 0
0.956192 0.00326835 -0.292722 0.25964
-0.00201996 0.999988 0.00456692 0.0144325
0.292733 -0.00377556 0.956187 -1.39734
-0 -0 0 1
13 13 0
0.947703 0.00270988 -0.319141 0.31574
-0.00132044 0.999989 0.00456998 0.011351
0.31915 -0.00390957 0.947696 -1.39444
-0 -0 0 1
14 14 0
0.938114 0.00286585 -0.346315 0.374011
-0.000787311 0.999981 0.00614241 0.00937496
0.346326 -0.00548962 0.938098 -1.38786
-0 -0 0 1
15 15 0
0.932967 0.0025794 -0.359953 0.434154
3.41469e-05 0.999974 0.00725427 0.00526524
0.359962 -0.00678028 0.932942 -1.37329
-0 -0 0 1
16 16 0
0.932639 0.00229455 -0.360804 0.48443
0.00060798 0.999968 0.0079309 0.000924814
0.360811 -0.00761602 0.932608 -1.35313
-0 -0 0 1
17 17 0
0.925121 0.00272265 -0.379663 0.526604
0.000592358 0.999963 0.00861433 -0.00414338
0.379673 -0.0081942 0.925085 -1.3289
-0 -0 0 1
18 18 0
0.903355 0.00476783 -0.428867 0.567076
-0.000693197 0.999953 0.0096566 -0.00546172
0.428893 -0.00842605 0.903316 -1.29901
-0 -0 0 1
19 19 0
0.863156 0.00504521 -0.504912 0.613891
-0.00050136 0.999958 0.00913475 -0.00687108
0.504937 -0.00763157 0.863123 -1.27069
-0 -0 0 1
20 20 0
0.830907 0.00526977 -0.556386 0.666782
-0.000415035 0.999961 0.00885124 -0.0080068
0.556411 -0.00712364 0.830876 -1.24531
-0 -0 0 1
21 21 0
0.79543 0.00635185 -0.606012 0.713009
-0.000387098 0.99995 0.00997278 -0.00778859
0.606045 -0.00769807 0.795393 -1.20706
-0 -0 0 1
22 22 0
0.763771 0.00822105 -0.645436 0.760281
0.000104781 0.999917 0.0128601 -0.00646485
0.645488 -0.00988983 0.763706 -1.16837
-0 -0 0 1
23 23 0
0.71379 0.00930254 -0.700298 0.800004
0.000776874 0.999901 0.0140742 -0.00877381
0.70036 -0.0105901 0.713712 -1.12318
-0 -0 0 1
24 24 0
0.65601 0.0101713 -0.754684 0.839133
0.00183571 0.999885 0.0150718 -0.0135003
0.75475 -0.0112726 0.655916 -1.07609
-0 -0 0 1
25 25 0
0.625107 0.0100546 -0.780474 0.880695
0.0031141 0.999877 0.0153753 -0.0176679
0.780533 -0.0120417 0.624999 -1.0267
-0 -0 0 1
26 26 0
0.58009 0.00995624 -0.814492 0.921313
0.00413353 0.999876 0.0151663 -0.0149695
0.814542 -0.0121646 0.579977 -0.977989
-0 -0 0 1
27 27 0
0.523125 0.0122074 -0.852168 0.966029
0.00467361 0.999841 0.0171918 -0.0125028
0.852243 -0.0129762 0.522985 -0.927527
-0 -0 0 1
28 28 0
0.50667 0.0128688 -0.862044 1.00169
0.00491585 0.999829 0.017815 -0.0129304
0.862126 -0.013264 0.50652 -0.876521
-0 -0 0 1
29 29 0
0.51131 0.0177646 -0.859213 1.02305
0.00354687 0.999734 0.0227806 -0.0108571
0.859389 -0.0146955 0.511111 -0.833981
-0 -0 0 1
30 30 0
0.562202 0.0235934 -0.826664 1.0444
0.00102998 0.999572 0.0292288 -0.00971576
0.827 -0.0172839 0.561937 -0.800475
-0 -0 0 1
31 31 0
0.625635 0.0269121 -0.779651 1.07425
0.000403167 0.999393 0.0348207 -0.0100728
0.780115 -0.0220994 0.625245 -0.771373
-0 -0 0 1
32 32 0
0.674084 0.0273374 -0.738148 1.1071
0.00119805 0.999273 0.0381022 -0.0111263
0.738653 -0.0265684 0.673562 -0.739515
-0 -0 0 1
33 33 0
0.699337 0.0287215 -0.714215 1.13769
0.00240672 0.999092 0.0425342 -0.0108508
0.714788 -0.0314647 0.698633 -0.698109
-0 -0 0 1
34 34 0
0.728369 0.0298171 -0.684535 1.17201
0.00361142 0.998872 0.0473517 -0.0100696
0.685175 -0.0369617 0.72744 -0.660292
-0 -0 0 1
35 35 0
0.749142 0.0327853 -0.661598 1.20417
0.00404595 0.998529 0.0540631 -0.00849358
0.662397 -0.0431777 0.747907 -0.626461
-0 -0 0 1
36 36 0
0.75666 0.0388624 -0.652652 1.22827
0.00398873 0.997939 0.064047 -0.00767195
0.653796 -0.051065 0.754946 -0.5894
-0 -0 0 1
37 37 0
0.741021 0.0449955 -0.669973 1.24478
0.00333391 0.997494 0.0706793 -0.00825631
0.671474 -0.0546085 0.739014 -0.547021
-0 -0 0 1
38 38 0
0.695325 0.0539273 -0.71667 1.25479
0.00235944 0.997004 0.0773109 -0.00796016
0.718692 -0.0554471 0.693114 -0.509959
-0 -0 0 1
39 39 0
0.632595 0.0650285 -0.771748 1.25645
0.000287593 0.996449 0.0841979 -0.00869352
0.774482 -0.0534852 0.63033 -0.492284
-0 -0 0 1
40 40 0
0.545211 0.0719183 -0.835208 1.25591
-0.00256519 0.996452 0.0841282 -0.0159021
0.838295 -0.0437252 0.543461 -0.492449
-0 -0 0 1
41 41 0
0.40632 0.0773326 -0.910453 1.25499
-0.00218201 0.996491 0.0836668 -0.0183926
0.913728 -0.0320089 0.405063 -0.486984
-0 -0 0 1
42 42 0
0.26469 0.0802092 -0.960992 1.24572
-0.00012156 0.996538 0.0831426 -0.0219516
0.964334 -0.0218902 0.263783 -0.467286
-0 -0 0 1
43 43 0
0.0872846 0.0820164 -0.992801 1.23248
0.002142 0.996587 0.0825175 -0.0221094
0.996181 -0.00932908 0.0868111 -0.432879
-0 -0 0 1
44 44 0
-0.0574628 0.0813382 -0.995029 1.21705
0.00466151 0.996687 0.0812045 -0.0218103
0.998337 2.78996e-05 -0.0576515 -0.401175
-0 -0 0 1
45 45 0
-0.142095 0.0809763 -0.986535 1.20563
0.00722646 0.996707 0.0807703 -0.0216855
0.989827 0.00434792 -0.142213 -0.35706
-0 -0 0 1
46 46 0
-0.160584 0.080953 -0.983697 1.20089
0.00936288 0.996711 0.0804955 -0.0219361
0.986978 0.0037161 -0.160814 -0.31471
-0 -0 0 1
47 47 0
-0.1578 0.0803359 -0.984198 1.21251
0.0112601 0.996767 0.0795565 -0.0206481
0.987407 0.00147191 -0.158195 -0.259161
-0 -0 0 1
48 48 0
-0.142186 0.0806527 -0.986549 1.22559
0.0124722 0.996742 0.0796885 -0.0205761
0.989761 -0.000973898 -0.142728 -0.204856
-0 -0 0 1
49 49 0
-0.116717 0.0809883 -0.989858 1.23427
0.0140764 0.996704 0.0798887 -0.0193242
0.993066 -0.00460924 -0.117472 -0.149233
-0 -0 0 1
50 50 0
-0.0980087 0.0817019 -0.991826 1.2388
0.0157226 0.996627 0.0805437 -0.0180756
0.995061 -0.00770014 -0.0989627 -0.0902091
-0 -0 0 1
51 51 0
-0.0776465 0.0821865 -0.993588 1.23525
0.0167593 0.996563 0.0811229 -0.0166558
0.99684 -0.010353 -0.078757 -0.0393383
-0 -0 0 1
52 52 0
-0.0633448 0.0823559 -0.994588 1.24267
0.0166726 0.996538 0.0814554 -0.0171558
0.997852 -0.0114226 -0.0644986 0.011026
-0 -0 0 1
53 53 0
-0.0600069 0.0826668 -0.994769 1.25086
0.0174079 0.9965 0.0817606 -0.0172469
0.998046 -0.0124107 -0.0612359 0.0663054
-0 -0 0 1
54 54 0
0.00689519 0.0826857 -0.996552 1.26682
0.0182199 0.9964 0.0827991 -0.0178833
0.99981 -0.018728 0.00536384 0.121732
-0 -0 0 1
55 55 0
0.142004 0.0823617 -0.986434 1.28478
0.0180084 0.996153 0.0857656 -0.0185522
0.989702 -0.0299431 0.139974 0.172016
-0 -0 0 1
56 56 0
0.195001 0.0811734 -0.977438 1.30677
0.0173541 0.996128 0.0861877 -0.0198662
0.980649 -0.0337692 0.192838 0.218162
-0 -0 0 1
57 57 0
0.195016 0.0806325 -0.97748 1.32366
0.0170983 0.996184 0.0855867 -0.0199089
0.980651 -0.033404 0.192893 0.267817
-0 -0 0 1
58 58 0
0.150107 0.081078 -0.98534 1.32378
0.01751 0.996257 0.0846439 -0.0248449
0.988515 -0.0299589 0.148126 0.320121
-0 -0 0 1
59 59 0
0.0276736 0.0820341 -0.996245 1.31523
0.01823 0.99642 0.0825548 -0.031869
0.999451 -0.0204461 0.0260791 0.37182
-0 -0 0 1
60 60 0
-0.103079 0.0824514 -0.99125 1.2945
0.0186285 0.996544 0.0809546 -0.0320959
0.994499 -0.0101208 -0.104259 0.423931
-0 -0 0 1
61 61 0
-0.286733 0.0802593 -0.954643 1.26824
0.0194527 0.996767 0.077958 -0.0332373
0.957813 0.00378278 -0.287367 0.46977
-0 -0 0 1
62 62 0
-0.446327 0.0752756 -0.891698 1.24459
0.0196025 0.997039 0.0743565 -0.0352346
0.894655 0.0157077 -0.446481 0.510217
-0 -0 0 1
63 63 0
-0.641757 0.0649876 -0.76415 1.21067
0.0177096 0.997393 0.0699508 -0.0338196
0.766704 0.0313586 -0.641235 0.533503
-0 -0 0 1
64 64 0
-0.723717 0.0602978 -0.687458 1.17018
0.017805 0.997475 0.0687457 -0.0319066
0.689868 0.0375122 -0.722963 0.575744
-0 -0 0 1
65 65 0
-0.733096 0.0601123 -0.677464 1.1398
0.0182671 0.997467 0.0687396 -0.0337262
0.67988 0.0380174 -0.732337 0.621821
-0 -0 0 1
66 66 0
-0.733152 0.0597069 -0.677438 1.11515
0.0187046 0.997532 0.0676758 -0.0327963
0.679807 0.0369455 -0.73246 0.678825
-0 -0 0 1
67 67 0
-0.697941 0.0629482 -0.713384 1.09113
0.0195883 0.997435 0.0688482 -0.0318041
0.715888 0.034078 -0.697383 0.728572
-0 -0 0 1
68 68 0
-0.662794 0.066328 -0.745859 1.0575
0.018539 0.997217 0.0722066 -0.0274753
0.748573 0.0340306 -0.662179 0.75419
-0 -0 0 1
69 69 0
-0.636255 0.0697989 -0.768315 1.01318
0.0179495 0.996969 0.075707 -0.0175839
0.77127 0.034378 -0.635579 0.767062
-0 -0 0 1
70 70 0
-0.612565 0.0727664 -0.787064 0.972081
0.0189225 0.996818 0.0774316 -0.0207912
0.790194 0.0325387 -0.611992 0.801777
-0 -0 0 1
71 71 0
-0.604934 0.0730175 -0.792921 0.950832
0.0196006 0.996851 0.0768431 -0.0231795
0.796034 0.0309433 -0.60446 0.849896
-0 -0 0 1
72 72 0
-0.611855 0.071062 -0.787772 0.942789
0.0193543 0.997003 0.0749037 -0.0228385
0.790733 0.0305834 -0.611396 0.905916
-0 -0 0 1
73 73 0
-0.644597 0.0678894 -0.761502 0.92957
0.0194774 0.997184 0.0724137 -0.0194229
0.764274 0.0318455 -0.644104 0.963283
-0 -0 0 1
74 74 0
-0.691924 0.06425 -0.719106 0.919121
0.0195014 0.997332 0.0703444 -0.0180497
0.721707 0.0346494 -0.691331 1.02886
-0 -0 0 1
75 75 0
-0.745505 0.0594509 -0.663843 0.9118
0.0191355 0.997512 0.0678434 -0.0168122
0.666225 0.0378746 -0.744788 1.08558
-0 -0 0 1
76 76 0
-0.818831 0.0520674 -0.571668 0.899415
0.0178651 0.997707 0.0652818 -0.0149301
0.573756 0.0432418 -0.817884 1.13281
-0 -0 0 1
77 77 0
-0.8678 0.0464163 -0.494741 0.878484
0.0170349 0.997821 0.0637351 -0.0151294
0.496622 0.0468814 -0.8667 1.17978
-0 -0 0 1
78 78 0
-0.911584 0.040172 -0.409146 0.841762
0.0159629 0.997923 0.0624154 -0.013191
0.410803 0.0503657 -0.910332 1.2158
-0 -0 0 1
79 79 0
-0.930482 0.0382258 -0.364339 0.788818
0.0164078 0.997892 0.0627933 -0.0117353
0.365971 0.05245 -0.929147 1.24671
-0 -0 0 1
80 80 0
-0.932493 0.0406483 -0.358894 0.725169
0.0184907 0.997717 0.0649579 -0.0148625
0.360715 0.0539366 -0.931115 1.26966
-0 -0 0 1
81 81 0
-0.932297 0.0427609 -0.359157 0.661458
0.0203353 0.997613 0.0659889 -0.0149245
0.361121 0.0542177 -0.930941 1.28981
-0 -0 0 1
82 82 0
-0.927081 0.045572 -0.372081 0.597497
0.0221651 0.99751 0.066947 -0.0140061
0.374206 0.053818 -0.925783 1.31159
-0 -0 0 1
83 83 0
-0.907435 0.0510965 -0.417073 0.536651
0.0243742 0.997308 0.0691509 -0.0127645
0.419484 0.0525842 -0.906238 1.32396
-0 -0 0 1
84 84 0
-0.895409 0.0545691 -0.441888 0.472911
0.0258337 0.997157 0.0707921 -0.011153
0.444494 0.0519723 -0.894273 1.33583
-0 -0 0 1
85 85 0
-0.893548 0.0562373 -0.445431 0.408875
0.0270872 0.997069 0.071546 -0.0100503
0.448149 0.0518643 -0.892453 1.35261
-0 -0 0 1
86 86 0
-0.896541 0.0556788 -0.439447 0.349967
0.0268121 0.997071 0.0716297 -0.0100283
0.442148 0.0524365 -0.895408 1.36017
-0 -0 0 1
87 87 0
-0.937257 0.0478881 -0.345334 0.291591
0.0256187 0.997304 0.0687672 -0.00607701
0.347696 0.0556055 -0.935957 1.36286
-0 -0 0 1
88 88 0
-0.98131 0.035864 -0.189062 0.235088
0.023928 0.997596 0.0650416 -0.00362047
0.190941 0.059302 -0.979809 1.35415
-0 -0 0 1
89 89 0
-0.997369 0.0273877 -0.067115 0.177879
0.0231744 0.997759 0.0627717 -0.00181245
0.0686837 0.0610512 -0.995769 1.33307
-0 -0 0 1
90 90 0
-0.999387 0.0203128 0.028497 0.123499
0.022032 0.997872 0.0613743 -0.002491
-0.0271897 0.0619645 -0.997708 1.30708
-0 -0 0 1
91 91 0
-0.99399 0.0139922 0.10857 0.0757909
0.0206479 0.997959 0.060423 -0.00158183
-0.107503 0.0623016 -0.992251 1.27711
-0 -0 0 1
92 92 0
-0.981907 0.0085114 0.189173 0.0261751
0.0199724 0.998072 0.0587613 -0.000268391
-0.188308 0.0614764 -0.980184 1.25656
-0 -0 0 1
93 93 0
-0.951434 7.13452e-05 0.307854 -0.0296425
0.0181649 0.998271 0.0559081 0.00181232
-0.307318 0.058785 -0.94979 1.2327
-0 -0 0 1
94 94 0
-0.934538 -0.00239899 0.355856 -0.0897392
0.0184123 0.998312 0.055084 0.00380835
-0.355387 0.0580302 -0.932916 1.19905
-0 -0 0 1
95 95 0
-0.933217 -0.00155317 0.35931 -0.152929
0.0196027 0.998281 0.0552282 0.00540748
-0.358778 0.0585833 -0.931583 1.1721
-0 -0 0 1
96 96 0
-0.936273 -0.000252404 0.351274 -0.214294
0.0208647 0.998194 0.0563291 0.00618049
-0.350654 0.0600686 -0.934577 1.15074
-0 -0 0 1
97 97 0
-0.940408 0.0017881 0.340043 -0.273818
0.02245 0.998131 0.0568381 0.00905096
-0.339306 0.061085 -0.938691 1.12818
-0 -0 0 1
98 98 0
-0.950257 0.00437486 0.311438 -0.331949
0.0236487 0.998028 0.0581372 0.0093871
-0.310569 0.0626104 -0.948487 1.10067
-0 -0 0 1
99 99 0
-0.962201 0.00732198 0.272242 -0.38436
0.0246992 0.997865 0.0604582 0.00949336
-0.271218 0.0648971 -0.960328 1.06378
-0 -0 0 1
100 100 0
-0.978959 0.0127348 0.203661 -0.437257
0.0262175 0.997628 0.0636414 0.0101878
-0.202368 0.0676418 -0.976971 1.02777
-0 -0 0 1
101 101 0
-0.99835 0.0257503 0.051325 -0.492489
0.0292949 0.997148 0.0695515 0.0112203
-0.0493877 0.0709403 -0.996257 0.992412
-0 -0 0 1
102 102 0
-0.993443 0.038436 -0.10767 -0.53756
0.0303891 0.99669 0.0754049 0.0126633
0.110212 0.0716385 -0.991323 0.954913
-0 -0 0 1
103 103 0
-0.979144 0.045444 -0.198021 -0.585958
0.0303706 0.996451 0.0785043 0.0147136
0.200886 0.0708529 -0.977049 0.918511
-0 -0 0 1
104 104 0
-0.963552 0.0490468 -0.262985 -0.632624
0.0288815 0.996376 0.0800052 0.0134609
0.265956 0.0694938 -0.961477 0.881407
-0 -0 0 1
105 105 0
-0.954716 0.0502616 -0.293241 -0.679202
0.028084 0.996451 0.079358 0.0128847
0.296189 0.067529 -0.952739 0.852901
-0 -0 0 1
106 106 0
-0.950576 0.0493807 -0.306541 -0.726865
0.0273666 0.996755 0.0757041 0.0154001
0.309284 0.0635735 -0.948842 0.839338
-0 -0 0 1
107 107 0
-0.953573 0.047137 -0.297451 -0.7749
0.0267015 0.997018 0.0723972 0.01699
0.299977 0.0610936 -0.951988 0.832616
-0 -0 0 1
108 108 0
-0.982657 0.0362115 -0.181863 -0.819861
0.0245251 0.997511 0.0661028 0.0192465
0.183804 0.0604962 -0.981099 0.830314
-0 -0 0 1
109 109 0
-0.999667 0.0200156 0.0162994 -0.862792
0.0209559 0.997995 0.0597271 0.0216039
-0.0150712 0.0600488 -0.998082 0.813664
-0 -0 0 1
110 110 0
-0.974384 0.00391112 0.224856 -0.90321
0.0165585 0.998383 0.0543883 0.0223875
-0.224279 0.0567184 -0.972873 0.79332
-0 -0 0 1
111 111 0
-0.919565 -0.00887801 0.392837 -0.944296
0.0121324 0.998627 0.0509686 0.0236061
-0.39275 0.051635 -0.918194 0.773134
-0 -0 0 1
112 112 0
-0.866133 -0.0171345 0.49952 -0.972656
0.00902052 0.998714 0.0498987 0.0219528
-0.499732 0.0477249 -0.864864 0.753729
-0 -0 0 1
113 113 0
-0.785112 -0.0275602 0.618741 -0.985448
0.00314776 0.998819 0.048484 0.0195645
-0.619346 0.040013 -0.784098 0.754278
-0 -0 0 1
114 114 0
-0.626464 -0.0417955 0.778329 -0.991904
-0.00437389 0.998734 0.0501105 0.0203617
-0.779438 0.0279881 -0.625854 0.736443
-0 -0 0 1
115 115 0
-0.475689 -0.0493638 0.878227 -1.01144
-0.00807192 0.998627 0.0517591 0.0226323
-0.879576 0.0175323 -0.475434 0.708084
-0 -0 0 1
116 116 0
-0.346718 -0.0536591 0.936433 -1.03011
-0.0101177 0.998518 0.0534706 0.0233709
-0.937915 0.00906472 -0.346748 0.672971
-0 -0 0 1
117 117 0
-0.232195 -0.0552333 0.9711 -1.05394
-0.0115031 0.998473 0.0540398 0.023371
-0.972601 0.0013771 -0.232476 0.64145
-0 -0 0 1
118 118 0
-0.164776 -0.0560423 0.984738 -1.07658
-0.0117746 0.998425 0.054851 0.0224599
-0.986261 -0.00255676 -0.165176 0.602046
-0 -0 0 1
119 119 0
-0.136979 -0.0556981 0.989007 -1.10732
-0.0102746 0.998444 0.0548065 0.0222283
-0.990521 -0.00265428 -0.137338 0.559625
-0 -0 0 1
120 120 0
-0.144166 -0.0558657 0.987975 -1.13104
-0.00880282 0.998438 0.0551728 0.0216717
-0.989514 -0.000742926 -0.144433 0.519703
-0 -0 0 1
121 121 0
-0.19171 -0.0553713 0.979888 -1.15251
-0.00696378 0.998459 0.0550583 0.0210089
-0.981427 0.00373147 -0.1918 0.481876
-0 -0 0 1
122 122 0
-0.29883 -0.0542976 0.95276 -1.17248
-0.00441303 0.998448 0.0555172 0.0212834
-0.954296 0.0123856 -0.298606 0.450568
-0 -0 0 1
123 123 0
-0.379316 -0.0521772 0.923795 -1.19699
-0.00202837 0.998453 0.0555611 0.0223743
-0.925265 0.0192014 -0.378835 0.418597
-0 -0 0 1
124 124 0
-0.432983 -0.0499007 0.90002 -1.22428
9.85169e-05 0.998464 0.0554063 0.0222414
-0.901402 0.0240787 -0.432313 0.385785
-0 -0 0 1
125 125 0
-0.446486 -0.0483383 0.893484 -1.25292
0.00192261 0.998486 0.0549798 0.0217184
-0.894789 0.0262655 -0.445717 0.348018
-0 -0 0 1
126 126 0
-0.45427 -0.0478225 0.889579 -1.28205
0.00279402 0.998477 0.0551034 0.0213174
-0.890859 0.0275174 -0.453445 0.312355
-0 -0 0 1
127 127 0
-0.467589 -0.0471416 0.882688 -1.30414
0.00410152 0.99845 0.0554968 0.0230748
-0.883937 0.02957 -0.466671 0.27009
-0 -0 0 1
128 128 0
-0.513639 -0.0452646 0.856811 -1.31985
0.00612176 0.998389 0.0564139 0.0227566
-0.857984 0.0342216 -0.512535 0.23017
-0 -0 0 1
129 129 0
-0.557956 -0.0445291 0.828675 -1.31917
0.00645975 0.998296 0.0579931 0.0260182
-0.829846 0.0377106 -0.556717 0.188119
-0 -0 0 1
130 130 0
-0.56725 -0.0442467 0.822356 -1.31856
0.00733783 0.998244 0.0587719 0.0252621
-0.823513 0.0393726 -0.565929 0.13697
-0 -0 0 1
131 131 0
-0.556589 -0.0442112 0.829611 -1.31382
0.00802118 0.998251 0.0585797 0.0220298
-0.830749 0.0392593 -0.555261 0.0924316
-0 -0 0 1
132 132 0
-0.447389 -0.0492865 0.89298 -1.29434
0.0053764 0.998314 0.0577938 0.0219978
-0.894323 0.0306574 -0.44637 0.0537781
-0 -0 0 1
133 133 0
-0.280584 -0.0543605 0.958289 -1.27242
0.000817734 0.998381 0.0568742 0.0221272
-0.959829 0.0167416 -0.280085 0.0205162
-0 -0 0 1
134 134 0
-0.1152 -0.0576746 0.991667 -1.24024
-0.00457334 0.998333 0.057531 0.0225829
-0.993332 0.00209234 -0.115272 0.00222701
-0 -0 0 1
135 135 0
0.067136 -0.0579283 0.996061 -1.20858
-0.00901986 0.998237 0.0586628 0.0223759
-0.997703 -0.0129227 0.0664952 -0.0132517
-0 -0 0 1
136 136 0
0.259887 -0.0550815 0.964067 -1.17069
-0.0141414 0.998048 0.0608351 0.0223047
-0.965535 -0.0294435 0.258601 -0.0202105
-0 -0 0 1
137 137 0
0.49605 -0.0465859 0.867044 -1.13618
-0.0181605 0.997785 0.0640005 0.0193585
-0.868104 -0.0474933 0.494105 -0.0348386
-0 -0 0 1
138 138 0
0.668616 -0.0362783 0.742722 -1.10504
-0.020003 0.99757 0.0667335 0.0165688
-0.743339 -0.0594758 0.666266 -0.0584283
-0 -0 0 1
139 139 0
0.711965 -0.0339485 0.701393 -1.07236
-0.0195306 0.997487 0.0681049 0.0065218
-0.701943 -0.0621869 0.709513 -0.0830228
-0 -0 0 1
140 140 0
0.721636 -0.0340097 0.691436 -1.04685
-0.0186791 0.997472 0.0685576 -0.00418165
-0.69202 -0.0623891 0.719177 -0.110245
-0 -0 0 1
141 141 0
0.723633 -0.0347331 0.689311 -1.01895
-0.0172858 0.997508 0.0684091 -0.00881212
-0.689969 -0.0614184 0.721229 -0.132911
-0 -0 0 1
142 142 0
0.70681 -0.0361321 0.70648 -1.00111
-0.0159476 0.997627 0.0669775 -0.0118608
-0.707224 -0.0586071 0.704556 -0.164094
-0 -0 0 1
143 143 0
0.563843 -0.0455744 0.824623 -0.987637
-0.0141613 0.997796 0.064828 -0.0126696
-0.82576 -0.0482306 0.561955 -0.179003
-0 -0 0 1
144 144 0
0.449806 -0.0504861 0.891698 -0.983829
-0.0128521 0.997932 0.0629839 -0.0140817
-0.893034 -0.0397907 0.448227 -0.194655
-0 -0 0 1
145 145 0
0.36158 -0.0541219 0.930769 -0.973765
-0.0104426 0.998016 0.0620889 -0.0159152
-0.932283 -0.0321697 0.360297 -0.214901
-0 -0 0 1
146 146 0
0.228445 -0.0583029 0.97181 -0.963211
-0.00718085 0.998077 0.0615669 -0.0194731
-0.97353 -0.021043 0.227587 -0.243502
-0 -0 0 1
147 147 0
0.0269814 -0.0628518 0.997658 -0.946492
-0.00227409 0.998015 0.0629358 -0.0221291
-0.999633 -0.00396686 0.0267849 -0.276098
-0 -0 0 1
148 148 0
-0.194674 -0.0631499 0.978833 -0.930259
0.0030585 0.997881 0.0649871 -0.026322
-0.980863 0.015645 -0.194068 -0.311618
-0 -0 0 1
149 149 0
-0.353966 -0.0603148 0.933311 -0.906267
0.00633499 0.997741 0.0668811 -0.030196
-0.935237 0.0295862 -0.352785 -0.337897
-0 -0 0 1
150 150 0
-0.366552 -0.0588634 0.928534 -0.884341
0.00774351 0.997769 0.0663094 -0.0378023
-0.930365 0.031496 -0.365279 -0.370565
-0 -0 0 1
151 151 0
-0.344247 -0.0548313 0.937277 -0.868035
0.0073686 0.998105 0.0610961 -0.0440485
-0.93885 0.0279385 -0.34319 -0.399943
-0 -0 0 1
152 152 0
-0.238024 -0.0510215 0.969918 -0.84874
0.00595123 0.998524 0.0539867 -0.0475182
-0.971241 0.0186224 -0.237369 -0.432949
-0 -0 0 1
153 153 0
-0.0443694 -0.0481495 0.997854 -0.828182
0.00319421 0.998826 0.0483384 -0.0480724
-0.99901 0.0053321 -0.0441635 -0.46563
-0 -0 0 1
154 154 0
0.180277 -0.0456751 0.982555 -0.803968
-0.000626941 0.998916 0.0465507 -0.0482396
-0.983616 -0.00900802 0.180053 -0.499055
-0 -0 0 1
155 155 0
0.381185 -0.0405453 0.923609 -0.784765
-0.0046588 0.998941 0.045775 -0.047332
-0.924487 -0.0217517 0.380593 -0.535034
-0 -0 0 1
156 156 0
0.581529 -0.0323963 0.81288 -0.759317
-0.00890105 0.998894 0.0461774 -0.0428346
-0.813477 -0.034089 0.580597 -0.574127
-0 -0 0 1
157 157 0
0.723615 -0.0238674 0.689791 -0.72976
-0.0118065 0.998828 0.0469458 -0.0349203
-0.690103 -0.0421147 0.722484 -0.618663
-0 -0 0 1
158 158 0
0.827287 -0.0152343 0.561573 -0.706896
-0.0145585 0.998715 0.0485401 -0.0301269
-0.561591 -0.0483322 0.826002 -0.658512
-0 -0 0 1
159 159 0
0.881118 -0.00997184 0.472791 -0.686836
-0.0162591 0.998548 0.051362 -0.0217352
-0.472617 -0.0529431 0.879676 -0.68782
-0 -0 0 1
160 160 0
0.946566 -9.44889e-05 0.322509 -0.673563
-0.0187776 0.998287 0.055405 -0.0168453
-0.321962 -0.0585005 0.944943 -0.71848
-0 -0 0 1
161 161 0
0.986993 0.00897438 0.16051 -0.650691
-0.0198978 0.997583 0.0665772 -0.0109897
-0.159525 -0.0689051 0.984786 -0.741151
-0 -0 0 1
162 162 0
0.999519 0.0181011 0.0251877 -0.621879
-0.0202834 0.995801 0.089272 -0.00877912
-0.023466 -0.0897399 0.995689 -0.774404
-0 -0 0 1
163 163 0
0.999694 0.0171402 0.0178193 -0.586306
-0.0187733 0.99521 0.0959361 -0.00853279
-0.0160896 -0.0962413 0.995228 -0.809684
-0 -0 0 1
164 164 0
0.999445 0.0145292 0.0299879 -0.55278
-0.0173571 0.995201 0.0963044 -0.00522216
-0.0284447 -0.0967714 0.9949 -0.842797
-0 -0 0 1
165 165 0
0.997508 0.00918514 0.0699517 -0.521886
-0.0159237 0.995216 0.0963919 -0.00425712
-0.0687317 -0.0972656 0.992882 -0.86839
-0 -0 0 1
166 166 0
0.994016 0.00388275 0.109162 -0.49242
-0.014504 0.99521 0.0966737 -0.00256771
-0.108264 -0.0976785 0.989312 -0.892501
-0 -0 0 1
167 167 0
0.990234 0.000105768 0.139413 -0.46295
-0.0137502 0.995198 0.0969109 0.000811442
-0.138733 -0.0978815 0.985481 -0.921879
-0 -0 0 1
168 168 0
0.981081 -0.00667163 0.193482 -0.428591
-0.0122963 0.995241 0.0966683 0.00310433
-0.193206 -0.0972185 0.97633 -0.951853
-0 -0 0 1
169 169 0
0.973924 -0.0111874 0.226599 -0.396148
-0.0110633 0.995253 0.0966866 0.00863691
-0.226605 -0.0966723 0.969177 -0.985151
-0 -0 0 1
170 170 0
0.968466 -0.0142664 0.248735 -0.359687
-0.0101141 0.995285 0.0964654 0.00901241
-0.248938 -0.0959392 0.963756 -1.02039
-0 -0 0 1
171 171 0
0.961221 -0.0174368 0.275226 -0.318883
-0.00950516 0.995311 0.0962538 0.0106412
-0.275614 -0.0951373 0.956549 -1.05704
-0 -0 0 1
172 172 0
0.950076 -0.0220421 0.311239 -0.275449
-0.0084904 0.995306 0.0964054 0.00975693
-0.311903 -0.094235 0.945429 -1.09142
-0 -0 0 1
173 173 0
0.935479 -0.0273691 0.352321 -0.228362
-0.00728185 0.995292 0.0966514 0.011063
-0.353307 -0.0929809 0.930875 -1.11789
-0 -0 0 1
174 174 0
0.924868 -0.0300779 0.379098 -0.189691
-0.00764201 0.995196 0.0976035 0.0120263
-0.380213 -0.0931674 0.920195 -1.13624
-0 -0 0 1
175 175 0
0.927953 -0.0283574 0.371617 -0.153172
-0.00930149 0.995028 0.0991554 0.0118765
-0.372581 -0.0954681 0.923076 -1.13517
-0 -0 0 1
176 176 0
0.956253 -0.0190731 0.29192 -0.121952
-0.0107024 0.994923 0.100063 0.00865507
-0.292346 -0.0988102 0.951194 -1.13059
-0 -0 0 1
177 177 0
0.996142 0.00458655 0.087635 -0.0947192
-0.0136205 0.994612 0.102768 0.00714038
-0.0866915 -0.103566 0.990837 -1.11556
-0 -0 0 1
178 178 0
0.98724 0.0300081 -0.156387 -0.0611039
-0.0135157 0.99433 0.105474 0.00597778
0.158665 -0.102015 0.982048 -1.10234
-0 -0 0 1
179 179 0
0.939583 0.0486204 -0.33885 -0.0243979
-0.0125544 0.99409 0.107827 0.00551819
0.34209 -0.0970584 0.934641 -1.07833
-0 -0 0 1
180 180 0
0.891223 0.0587759 -0.449741 0.0155088
-0.0104492 0.993966 0.109193 0.00708524
0.453445 -0.0926158 0.886459 -1.04678
-0 -0 0 1
181 181 0
0.854314 0.0645873 -0.515729 0.0592511
-0.00866446 0.993881 0.110116 0.00502653
0.519686 -0.0896049 0.849646 -1.01413
-0 -0 0 1
182 182 0
0.824645 0.0684902 -0.561489 0.094515
-0.0070553 0.993811 0.110863 0.00119986
0.565607 -0.087461 0.820024 -0.975989
-0 -0 0 1
183 183 0
0.799079 0.071638 -0.596943 0.124302
-0.00664796 0.993868 0.110373 -0.00892183
0.601189 -0.0842284 0.794655 -0.93972
-0 -0 0 1
184 184 0
0.783885 0.0735979 -0.616529 0.142554
-0.00622079 0.993831 0.110729 -0.00445993
0.620875 -0.0829633 0.779507 -0.903561
-0 -0 0 1
185 185 0
0.767357 0.07499 -0.636819 0.178443
-0.00532264 0.993849 0.110619 0.00666374
0.641197 -0.0814947 0.763036 -0.871795
-0 -0 0 1
186 186 0
0.764448 0.0745189 -0.640364 0.21341
-0.00433451 0.993869 0.110482 0.00963795
0.644671 -0.0816819 0.760084 -0.840378
-0 -0 0 1
187 187 0
0.764581 0.0735539 -0.640317 0.253259
-0.00369274 0.993951 0.109767 0.0139583
0.644517 -0.0815611 0.760228 -0.814338
-0 -0 0 1
188 188 0
0.775616 0.0715598 -0.627136 0.294736
-0.00335853 0.994007 0.109268 0.01753
0.631197 -0.0826439 0.771207 -0.789816
-0 -0 0 1
189 189 0
0.820906 0.064174 -0.567446 0.334895
-0.00325588 0.994176 0.107724 0.0170011
0.571054 -0.0865835 0.816333 -0.764473
-0 -0 0 1
190 190 0
0.876098 0.0555402 -0.478923 0.368991
-0.00375816 0.994099 0.10841 0.017142
0.482118 -0.0931779 0.871137 -0.734019
-0 -0 0 1
191 191 0
0.909607 0.0487392 -0.412601 0.402913
-0.00390523 0.994054 0.108815 0.0169691
0.415452 -0.0973675 0.904389 -0.700418
-0 -0 0 1
192 192 0
0.937406 0.0422764 -0.345662 0.438008
-0.00463405 0.99403 0.109008 0.0148192
0.348207 -0.100583 0.932006 -0.667491
-0 -0 0 1
193 193 0
0.955524 0.0363094 -0.292668 0.480078
-0.00458328 0.9941 0.108368 0.0113952
0.294876 -0.102206 0.950054 -0.639904
-0 -0 0 1
194 194 0
0.988892 0.0208645 -0.147163 0.52176
-0.00513717 0.994305 0.10645 0.00988788
0.148546 -0.104512 0.983367 -0.623447
-0 -0 0 1
195 195 0
0.999556 0.00774049 -0.028776 0.559963
-0.00468464 0.994484 0.104783 0.00943182
0.0294284 -0.104602 0.994079 -0.611138
-0 -0 0 1
196 196 0
0.999813 0.00237911 0.0191872 0.600567
-0.00434858 0.994644 0.103267 0.00792219
-0.0188387 -0.103331 0.994469 -0.603631
-0 -0 0 1
197 197 0
0.999958 0.00495137 -0.00767464 0.640053
-0.00413443 0.99467 0.103031 0.00577191
0.00814387 -0.102995 0.994649 -0.58659
-0 -0 0 1
198 198 0
0.980005 0.0253444 -0.197353 0.672087
-0.00505551 0.994706 0.102637 0.0052332
0.19891 -0.0995874 0.974945 -0.568477
-0 -0 0 1
199 199 0
0.890628 0.0526359 -0.451677 0.694283
-0.00603637 0.994559 0.103998 0.00417458
0.454693 -0.0898969 0.8861 -0.5337
-0 -0 0 1
200 200 0
0.75633 0.0732892 -0.650072 0.713038
-0.00561022 0.994395 0.105581 0.00464755
0.654166 -0.076207 0.752502 -0.494368
-0 -0 0 1
201 201 0
0.568294 0.0899034 -0.817899 0.725181
-0.00387014 0.994294 0.106604 0.00503219
0.822817 -0.0574168 0.565399 -0.456194
-0 -0 0 1
202 202 0
0.371643 0.0993144 -0.923048 0.743504
-0.00178795 0.994336 0.106265 0.00527856
0.928374 -0.0378422 0.369716 -0.417897
-0 -0 0 1
203 203 0
0.172396 0.103925 -0.97953 0.762271
0.000208569 0.994415 0.105541 0.00438232
0.985028 -0.0183992 0.171412 -0.379349
-0 -0 0 1
204 204 0
0.0411103 0.104907 -0.993632 0.782949
0.0022947 0.99446 0.105089 0.00374743
0.999152 -0.00660034 0.0406418 -0.337384
-0 -0 0 1
205 205 0
-0.032772 0.105151 -0.993916 0.797576
0.00414808 0.994456 0.105072 -0.00190913
0.999454 -0.000679443 -0.0330265 -0.293517
-0 -0 0 1
206 206 0
-0.101686 0.105205 -0.989238 0.799582
0.00588123 0.994439 0.105153 -0.00910608
0.994799 0.00487463 -0.101739 -0.251554
-0 -0 0 1
207 207 0
-0.201383 0.104635 -0.973908 0.803176
0.00785944 0.994419 0.105214 -0.0110563
0.979481 0.0135339 -0.201082 -0.209733
-0 -0 0 1
208 208 0
-0.281189 0.103104 -0.954098 0.806874
0.00975064 0.994467 0.104593 -0.00884475
0.959603 0.0201074 -0.280639 -0.163219
-0 -0 0 1
209 209 0
-0.458829 0.0957921 -0.883346 0.814983
0.0111804 0.994715 0.102062 -0.0097706
0.888455 0.0369528 -0.457475 -0.127916
-0 -0 0 1
210 210 0
-0.612848 0.0859571 -0.785512 0.808049
0.0126544 0.995006 0.0990088 -0.00844366
0.7901 0.0507372 -0.610875 -0.0885847
-0 -0 0 1
211 211 0
-0.663759 0.0830617 -0.74332 0.793161
0.014413 0.99505 0.0983207 -0.00923732
0.747808 0.0545477 -0.66167 -0.0416423
-0 -0 0 1
212 212 0
-0.667095 0.0844671 -0.740169 0.772384
0.0165934 0.99499 0.0985918 -0.00836257
0.744788 0.0534882 -0.665154 0.00142919
-0 -0 0 1
213 213 0
-0.665917 0.0854361 -0.741118 0.766105
0.017682 0.994949 0.09881 -0.0068543
0.745817 0.0526948 -0.664064 0.0491431
-0 -0 0 1
214 214 0
-0.661809 0.0864896 -0.744667 0.765141
0.0180359 0.994872 0.0995206 -0.00413596
0.749456 0.0524329 -0.659975 0.0959021
-0 -0 0 1
215 215 0
-0.658481 0.0842409 -0.747868 0.778411
0.0164177 0.995087 0.0976327 -0.00266195
0.752418 0.052011 -0.656629 0.145396
-0 -0 0 1
216 216 0
-0.650988 0.0848116 -0.754335 0.794672
0.0164709 0.995083 0.0976652 -0.00200324
0.758909 0.0511543 -0.649184 0.196511
-0 -0 0 1
217 217 0
-0.629647 0.085831 -0.772125 0.810327
0.0156412 0.995077 0.0978598 -0.00135323
0.776724 0.0495402 -0.62789 0.239777
-0 -0 0 1
218 218 0
-0.612493 0.0883808 -0.78552 0.818414
0.0163633 0.994935 0.0991837 -0.000565051
0.790307 0.0478956 -0.610837 0.286745
-0 -0 0 1
219 219 0
-0.57634 0.0929379 -0.811908 0.813372
0.0173579 0.99468 0.101538 0.00168474
0.817026 0.0444272 -0.574887 0.330868
-0 -0 0 1
220 220 0
-0.54537 0.0969557 -0.832569 0.807436
0.0185956 0.994443 0.103626 0.00137861
0.837989 0.0410322 -0.544142 0.380241
-0 -0 0 1
221 221 0
-0.500796 0.101533 -0.859589 0.792665
0.020235 0.994198 0.105644 0.00310753
0.865329 0.0355125 -0.499945 0.428928
-0 -0 0 1
222 222 0
-0.426302 0.106924 -0.89824 0.783155
0.0213836 0.993903 0.108163 0.00464946
0.904328 0.0269022 -0.425989 0.485519
-0 -0 0 1
223 223 0
-0.347307 0.110468 -0.931222 0.77734
0.021509 0.993714 0.109859 0.00473534
0.937505 0.0181252 -0.3475 0.535184
-0 -0 0 1
224 224 0
-0.333131 0.108747 -0.936588 0.777448
0.0202834 0.993923 0.10819 0.0024801
0.942662 0.0170441 -0.333312 0.582919
-0 -0 0 1
225 225 0
-0.331157 0.107631 -0.937417 0.773165
0.0194764 0.994041 0.107252 -0.00192364
0.943375 0.0172597 -0.33128 0.626769
-0 -0 0 1
226 226 0
-0.3564 0.106781 -0.928212 0.758901
0.019665 0.994085 0.106808 -0.00419104
0.934127 0.0198131 -0.356392 0.668212
-0 -0 0 1
227 227 0
-0.430554 0.104167 -0.896533 0.736694
0.020208 0.994181 0.105808 -0.00489182
0.902338 0.027439 -0.430154 0.705863
-0 -0 0 1
228 228 0
-0.583877 0.0935567 -0.806434 0.716102
0.0204115 0.994715 0.100621 -0.00580761
0.811586 0.04229 -0.582701 0.738822
-0 -0 0 1
229 229 0
-0.696235 0.0831164 -0.712986 0.692082
0.0208211 0.995194 0.095683 -0.00677244
0.717512 0.0517727 -0.69462 0.775287
-0 -0 0 1
230 230 0
-0.785265 0.0742377 -0.614693 0.659229
0.0213401 0.995441 0.0929597 -0.00428758
0.618792 0.0598804 -0.78327 0.803111
-0 -0 0 1
231 231 0
-0.830998 0.0689263 -0.551988 0.617936
0.0211974 0.995497 0.092395 -0.00193673
0.555871 0.0650794 -0.828717 0.81822
-0 -0 0 1
232 232 0
-0.894727 0.0583424 -0.442787 0.577485
0.0207207 0.995786 0.0893367 -0.00176206
0.446133 0.0707571 -0.892165 0.822874
-0 -0 0 1
233 233 0
-0.942734 0.0445927 -0.330552 0.526863
0.0204006 0.996876 0.0763 -0.0109328
0.332922 0.0651871 -0.940698 0.82341
-0 -0 0 1
234 234 0
-0.968825 0.0376083 -0.244875 0.481244
0.0205187 0.997196 0.0719706 -0.0118226
0.246895 0.0647024 -0.96688 0.817161
-0 -0 0 1
235 235 0
-0.986965 0.0304791 -0.158021 0.438953
0.01969 0.997395 0.0693977 -0.0138707
0.159725 0.0653817 -0.984994 0.816634
-0 -0 0 1
236 236 0
-0.996348 0.0242437 -0.0818704 0.395515
0.0187423 0.997556 0.0673082 -0.0131003
0.0833022 0.065528 -0.994368 0.824472
-0 -0 0 1
237 237 0
-0.999202 0.0211304 -0.0338813 0.352585
0.018895 0.997707 0.0649913 -0.00335566
0.0351769 0.0642992 -0.99731 0.837174
-0 -0 0 1
238 238 0
-0.999753 0.0200507 -0.00954388 0.311114
0.0194048 0.997791 0.0635386 0.00489165
0.0107968 0.0633378 -0.997934 0.85497
-0 -0 0 1
239 239 0
-0.999791 0.0204537 -0.00028751 0.265831
0.0203954 0.997821 0.0627405 0.00995955
0.00157016 0.0627216 -0.99803 0.870163
-0 -0 0 1
240 240 0
-0.999782 0.0207658 -0.00225279 0.221216
0.0205845 0.997834 0.062481 0.0160817
0.00354538 0.062421 -0.998044 0.896526
-0 -0 0 1
241 241 0
-0.999573 0.0228996 -0.0181707 0.173424
0.0217087 0.997763 0.0632295 0.0198617
0.019578 0.062808 -0.997834 0.911433
-0 -0 0 1
242 242 0
-0.999053 0.0256776 -0.0351248 0.121806
0.0233726 0.997642 0.064532 0.0189082
0.036699 0.0636499 -0.997297 0.920889
-0 -0 0 1
243 243 0
-0.998509 0.0282874 -0.0466828 0.067807
0.0251397 0.997457 0.0666894 0.0222613
0.0484506 0.0654164 -0.996681 0.915436
-0 -0 0 1
244 244 0
-0.998594 0.0290315 -0.0443572 0.0196619
0.025975 0.997348 0.067994 0.0223309
0.0462135 0.0667462 -0.996699 0.908734
-0 -0 0 1
245 245 0
-0.999591 0.0266119 -0.0104797 -0.0282608
0.0258356 0.99733 0.0683019 0.0209045
0.0122694 0.0680032 -0.99761 0.900551
-0 -0 0 1
246 246 0
-0.996038 0.0180444 0.0870735 -0.0709873
0.0239281 0.997466 0.0670073 0.0210066
-0.0856437 0.0688254 -0.993946 0.879587
-0 -0 0 1
247 247 0
-0.986022 0.0119451 0.166185 -0.120538
0.0231931 0.997556 0.0659083 0.0209355
-0.164992 0.0688414 -0.98389 0.85978
-0 -0 0 1
248 248 0
-0.979272 0.0095866 0.202321 -0.163642
0.0233659 0.997557 0.0658279 0.0211879
-0.201196 0.0691909 -0.977104 0.832778
-0 -0 0 1
249 249 0
-0.968239 0.00654443 0.249942 -0.209776
0.0234985 0.997615 0.0649084 0.0217527
-0.248921 0.0687201 -0.966083 0.806773
-0 -0 0 1
250 250 0
-0.956366 0.00326744 0.292154 -0.256117
0.0232373 0.997621 0.0649101 0.0225581
-0.291246 0.0688666 -0.954166 0.77736
-0 -0 0 1
251 251 0
-0.951905 0.00262852 0.306382 -0.310584
0.0233229 0.997684 0.063903 0.0227095
-0.305505 0.0679753 -0.949761 0.761657
-0 -0 0 1
252 252 0
-0.96082 0.00315694 0.277156 -0.35116
0.0217242 0.997717 0.063947 0.0221122
-0.276322 0.0674625 -0.958695 0.757286
-0 -0 0 1
253 253 0
-0.967406 0.00107056 0.253227 -0.377204
0.0182025 0.997698 0.0653214 0.0224802
-0.252574 0.0678017 -0.965199 0.748562
-0 -0 0 1
254 254 0
-0.963718 -0.00219596 0.266913 -0.395189
0.0163043 0.997615 0.067076 0.0223963
-0.266424 0.0689942 -0.961383 0.731727
-0 -0 0 1
255 255 0
-0.907071 -0.0150627 0.420707 -0.414371
0.0136395 0.997783 0.0651316 0.0218034
-0.420756 0.0648173 -0.904855 0.709318
-0 -0 0 1
256 256 0
-0.812227 -0.0283554 0.582652 -0.447977
0.0104058 0.997955 0.0630724 0.0229488
-0.583249 0.057292 -0.81027 0.686362
-0 -0 0 1
257 257 0
-0.753978 -0.0329097 0.656075 -0.487976
0.0101437 0.998042 0.0617207 0.0233554
-0.656821 0.053191 -0.752168 0.655009
-0 -0 0 1
258 258 0
-0.72882 -0.0341609 0.683853 -0.535558
0.0109874 0.998043 0.0615655 0.0243148
-0.684618 0.0523839 -0.727018 0.627142
-0 -0 0 1
259 259 0
-0.737336 -0.0327155 0.674733 -0.57222
0.0128131 0.99797 0.0623901 0.0240358
-0.675405 0.0546479 -0.73542 0.600187
-0 -0 0 1
260 260 0
-0.774606 -0.0293668 0.631762 -0.607584
0.0138538 0.997894 0.0633723 0.0247657
-0.632292 0.0578408 -0.772568 0.574588
-0 -0 0 1
261 261 0
-0.864997 -0.0187315 0.501427 -0.631971
0.0172324 0.997605 0.066994 0.0248441
-0.50148 0.0665904 -0.862602 0.546431
-0 -0 0 1
262 262 0
-0.938816 -0.00534482 0.344379 -0.65834
0.0206705 0.997203 0.0718269 0.0256658
-0.343799 0.0745507 -0.936079 0.515156
-0 -0 0 1
263 263 0
-0.983772 0.00860168 0.179216 -0.685754
0.0225589 0.996854 0.0759873 0.0277324
-0.177999 0.0787971 -0.980871 0.490949
-0 -0 0 1
264 264 0
-0.994874 0.0148608 0.100023 -0.708659
0.0225708 0.996822 0.0763985 0.028694
-0.0985696 0.0782645 -0.992048 0.472563
-0 -0 0 1
265 265 0
-0.999288 0.019458 0.0323121 -0.729157
0.0218497 0.996914 0.0753955 0.0290172
-0.0307453 0.0760479 -0.99663 0.462851
-0 -0 0 1
266 266 0
-0.999131 0.0248702 -0.0334576 -0.749704
0.0223136 0.996954 0.0747308 0.0292201
0.0352143 0.0739193 -0.996642 0.457035
-0 -0 0 1
267 267 0
-0.988637 0.0353237 -0.146116 -0.776189
0.024212 0.996726 0.0771389 0.0315792
0.148362 0.0727246 -0.986255 0.45068
-0 -0 0 1
268 268 0
-0.984285 0.0385328 -0.172331 -0.807515
0.0255146 0.996695 0.0771295 0.0320806
0.174733 0.0715205 -0.982015 0.442319
-0 -0 0 1
269 269 0
-0.985949 0.03755 -0.162773 -0.831819
0.024793 0.99651 0.0797078 0.032289
0.165198 0.0745521 -0.983439 0.432211
-0 -0 0 1
270 270 0
-0.998126 0.0254982 -0.0556302 -0.839881
0.0211128 0.996726 0.0780432 0.0310444
0.057438 0.0767224 -0.995397 0.419798
-0 -0 0 1
271 271 0
-0.983198 0.00285512 0.182519 -0.846894
0.0163918 0.997219 0.0727005 0.0301684
-0.181804 0.0744708 -0.980511 0.400416
-0 -0 0 1
272 272 0
-0.904135 -0.0181175 0.426862 -0.859243
0.0120546 0.997621 0.0678754 0.0304385
-0.427076 0.0665142 -0.901766 0.376213
-0 -0 0 1
273 273 0
-0.80148 -0.0322758 0.59715 -0.876246
0.0085178 0.997825 0.0653645 0.0297962
-0.597961 0.0574748 -0.799462 0.354057
-0 -0 0 1
274 274 0
-0.699871 -0.0413656 0.71307 -0.89242
0.0060538 0.997942 0.0638329 0.0308079
-0.714244 0.0489916 -0.69818 0.326496
-0 -0 0 1
275 275 0
-0.599739 -0.0481517 0.798746 -0.90847
0.00425174 0.997982 0.0633549 0.0317239
-0.800184 0.0413925 -0.598324 0.290158
-0 -0 0 1
276 276 0
-0.437181 -0.0554724 0.897661 -0.915902
0.000670529 0.998076 0.0620042 0.0315254
-0.899374 0.0277089 -0.436302 0.252809
-0 -0 0 1
277 277 0
-0.25748 -0.060993 0.964357 -0.919809
-0.00364511 0.99806 0.0621514 0.0306761
-0.966277 0.0124875 -0.257203 0.223561
-0 -0 0 1
278 278 0
-0.0765289 -0.0641361 0.995002 -0.913444
-0.0085044 0.997935 0.063671 0.0309885
-0.997031 -0.00358923 -0.0769163 0.204424
-0 -0 0 1
279 279 0
0.0537698 -0.0639859 0.996501 -0.910994
-0.0100684 0.997859 0.0646164 0.0318407
-0.998503 -0.0135076 0.0530104 0.175337
-0 -0 0 1
280 280 0
0.150418 -0.0631693 0.986602 -0.908064
-0.0106762 0.997795 0.0655137 0.0316108
-0.988565 -0.0203876 0.149412 0.136375
-0 -0 0 1
281 281 0
0.194204 -0.0628497 0.978946 -0.910809
-0.00912406 0.997787 0.0658694 0.0319951
-0.980919 -0.021724 0.1932 0.0918034
-0 -0 0 1
282 282 0
0.191522 -0.063477 0.979434 -0.920348
-0.00759231 0.997781 0.0661508 0.0309546
-0.981459 -0.0201055 0.190615 0.0542386
-0 -0 0 1
283 283 0
0.166392 -0.064308 0.98396 -0.921629
-0.00550098 0.997795 0.0661424 0.0304519
-0.986044 -0.0164183 0.165671 0.0185271
-0 -0 0 1
284 284 0
0.12933 -0.0651991 0.989456 -0.927681
-0.00341335 0.997801 0.0661951 0.0196993
-0.991596 -0.0119383 0.128823 -0.0176158
-0 -0 0 1
285 285 0
0.125618 -0.0660287 0.989879 -0.914929
-0.00204442 0.997763 0.0668141 0.00900274
-0.992077 -0.0104168 0.125202 -0.0429714
-0 -0 0 1
286 286 0
0.134994 -0.0668743 0.988587 -0.902381
-0.000757552 0.997713 0.0675951 0.000619079
-0.990846 -0.00987383 0.134634 -0.0742977
-0 -0 0 1
287 287 0
0.182022 -0.066813 0.981022 -0.884167
-7.24865e-06 0.997689 0.0679495 -0.0158811
-0.983294 -0.0123754 0.181601 -0.11403
-0 -0 0 1
288 288 0
0.244136 -0.0659387 0.967497 -0.869807
2.17969e-05 0.997686 0.0679907 -0.0215119
-0.969741 -0.0165779 0.243573 -0.158826
-0 -0 0 1
289 289 0
0.284272 -0.065553 0.9565 -0.84646
0.000704368 0.997674 0.0681654 -0.0242661
-0.958744 -0.0187038 0.283656 -0.202672
-0 -0 0 1
290 290 0
0.330352 -0.0652843 0.941597 -0.816008
0.00138086 0.997637 0.0686853 -0.0279894
-0.943857 -0.0213901 0.329662 -0.24226
-0 -0 0 1
291 291 0
0.385187 -0.0647182 0.920566 -0.779902
0.00122703 0.997573 0.0696185 -0.029332
-0.922838 -0.0256866 0.384332 -0.273385
-0 -0 0 1
292 292 0
0.417425 -0.0640248 0.906453 -0.754298
0.00119109 0.997553 0.0699108 -0.0297151
