0 0 0
0.999633 -0.0232816 0.0138163 -0.3686
0.0247054 0.993187 -0.113881 0.0526984
-0.0110708 0.114181 0.993398 -2.17113
-0 -0 0 1
1 1 0
0.999125 -0.0278002 -0.0312556 -0.365783
0.0240267 0.993049 -0.115221 0.0532314
0.0342415 0.114369 0.992848 -2.17141
-0 -0 0 1
2 2 0
0.99637 -0.0327259 -0.0785823 -0.347926
0.023335 0.992789 -0.117579 0.0541618
0.0818635 0.115318 0.98995 -2.15608
-0 -0 0 1
3 3 0
0.962313 -0.0505502 -0.267206 -0.299838
0.0179444 0.992234 -0.123087 0.054664
0.271353 0.113653 0.955746 -2.09594
-0 -0 0 1
4 4 0
0.915591 -0.0820105 -0.39366 -0.267271
0.0190146 0.986716 -0.161336 0.0509778
0.401662 0.140233 0.904988 -2.03395
-0 -0 0 1
5 5 0
0.868474 -0.104405 -0.484615 -0.270567
0.0242184 0.985339 -0.168878 0.0513353
0.495142 0.13493 0.858271 -2.01954
-0 -0 0 1
6 6 0
0.843727 -0.120981 -0.522961 -0.272361
0.0316935 0.983798 -0.176457 0.0515965
0.535835 0.132307 0.833892 -2.01904
-0 -0 0 1
7 7 0
0.870797 -0.125219 -0.47543 -0.265995
0.041522 0.982298 -0.182667 0.0577559
0.489887 0.139325 0.860581 -2.01795
-0 -0 0 1
8 8 0
0.851516 -0.124003 -0.509455 -0.197314
0.0368139 0.983373 -0.177824 0.0610336
0.523035 0.132665 0.841923 -2.01084
-0 -0 0 1
9 9 0
0.827772 -0.130194 -0.54575 -0.125025
0.040779 0.984093 -0.172913 0.0629862
0.55958 0.120878 0.819914 -1.97706
-0 -0 0 1
10 10 0
0.697012 -0.132964 -0.704624 -0.0402968
0.0346257 0.987752 -0.15214 0.0595448
0.716223 0.0816452 0.693079 -1.91045
-0 -0 0 1
11 11 0
0.743886 -0.052968 -0.666205 0.00447499
0.0526691 0.9984 -0.0205695 0.0371029
0.666228 -0.0197871 0.745485 -1.8188
-0 -0 0 1
12 12 0
0.791559 -0.022798 -0.610667 0.0608883
0.0469886 0.998616 0.0236262 0.0264992
0.609283 -0.0473959 0.791535 -1.73417
-0 -0 0 1
13 13 0
0.838991 -0.0365605 -0.542916 0.127882
0.0346421 0.999305 -0.0137602 0.0209172
0.543042 -0.0072631 0.839674 -1.64584
-0 -0 0 1
14 14 0
0.876483 -0.0904827 -0.472854 0.228786
0.0259488 0.989631 -0.141272 0.0123494
0.480733 0.111552 0.869742 -1.56193
-0 -0 0 1
15 15 0
0.895563 -0.0949518 -0.434685 0.30936
0.024436 0.985985 -0.165032 -0.0360468
0.444263 0.137175 0.885332 -1.46371
-0 -0 0 1
16 16 0
0.879119 -0.0964651 -0.466737 0.373238
0.0202174 0.985969 -0.165699 -0.0486654
0.476173 0.136233 0.868735 -1.35331
-0 -0 0 1
17 17 0
0.880497 -0.101805 -0.462992 0.45285
0.0257775 0.985505 -0.167676 -0.0122771
0.473351 0.135703 0.870358 -1.28848
-0 -0 0 1
18 18 0
0.906946 -0.105443 -0.407836 0.519636
0.0327293 0.982877 -0.181332 0.0190077
0.419973 0.15111 0.894868 -1.20495
-0 -0 0 1
19 19 0
0.925121 -0.102897 -0.365462 0.580361
0.0360951 0.982051 -0.18513 0.049242
0.377952 0.158077 0.91223 -1.11066
-0 -0 0 1
20 20 0
0.947689 -0.082956 -0.308225 0.693707
0.0421475 0.989704 -0.13678 0.0724739
0.316399 0.116634 0.941429 -1.05164
-0 -0 0 1
21 21 0
0.969222 -0.0222276 -0.245181 0.764337
0.0406766 0.996686 0.0704406 0.0886617
0.242803 -0.0782458 0.966915 -0.966066
-0 -0 0 1
22 22 0
0.984967 -0.00774423 -0.172572 0.841963
0.0269152 0.993674 0.109029 0.0780227
0.170635 -0.112035 0.978944 -0.829183
-0 -0 0 1
23 23 0
0.995343 -0.0018189 -0.0963782 0.955902
0.0122257 0.99413 0.107499 0.0553188
0.095617 -0.108176 0.989523 -0.74845
-0 -0 0 1
24 24 0
0.995678 0.00839386 -0.0924906 1.04903
-0.000558536 0.99643 0.0844169 0.0095993
0.092869 -0.0840004 0.992129 -0.660253
-0 -0 0 1
25 25 0
0.981324 0.00715416 -0.19223 1.11366
-0.0159001 0.998905 -0.0439932 -0.00389854
0.191705 0.0462281 0.980363 -0.567527
-0 -0 0 1
26 26 0
0.872783 -0.0124582 -0.487949 1.15731
-0.033965 0.995701 -0.0861746 0.0170945
0.486925 0.0917849 0.868608 -0.541029
-0 -0 0 1
27 27 0
0.688488 -0.0394825 -0.724173 1.15975
-0.0261613 0.996515 -0.079203 0.0202659
0.724776 0.0734756 0.685056 -0.54358
-0 -0 0 1
28 28 0
0.437621 -0.0681977 -0.896569 1.14928
-0.00755804 0.996805 -0.0795114 0.0217207
0.899128 0.0415722 0.435708 -0.564394
-0 -0 0 1
29 29 0
0.173158 -0.0844967 -0.981263 1.13512
0.0120678 0.99642 -0.0836724 0.0224057
0.98482 0.00264687 0.173558 -0.57268
-0 -0 0 1
30 30 0
0.0491008 -0.0974671 -0.994027 1.14447
0.0340167 0.994813 -0.0958639 0.0421396
0.998214 -0.0291065 0.0521616 -0.554974
-0 -0 0 1
31 31 0
-0.0372913 -0.0996114 -0.994327 1.14005
0.0412405 0.994018 -0.101127 0.0531711
0.998453 -0.0447777 -0.0329602 -0.494412
-0 -0 0 1
32 32 0
-0.242193 -0.0956832 -0.965499 1.20193
0.0397663 0.99331 -0.108415 0.0467412
0.969413 -0.0646515 -0.236768 -0.433989
-0 -0 0 1
33 33 0
-0.208484 -0.0978577 -0.973118 1.23969
0.0506198 0.992569 -0.110659 0.0473462
0.976715 -0.0723296 -0.201981 -0.307674
-0 -0 0 1
34 34 0
-0.254497 -0.0914047 -0.962744 1.32972
0.0463717 0.993225 -0.106557 0.0328173
0.965961 -0.0717625 -0.248534 -0.220478
-0 -0 0 1
35 35 0
-0.30531 -0.0887613 -0.948107 1.42099
0.0414706 0.993462 -0.106362 0.0319056
0.95135 -0.0717919 -0.299633 -0.122326
-0 -0 0 1
36 36 0
-0.235167 -0.0896713 -0.96781 1.47446
0.0434084 0.993773 -0.102625 0.0384823
0.970985 -0.0661449 -0.22981 -0.0512808
-0 -0 0 1
37 37 0
-0.186604 -0.0804697 -0.979134 1.52661
0.042533 0.995044 -0.0898832 0.0267952
0.981514 -0.0584181 -0.182256 0.0719078
-0 -0 0 1
38 38 0
-0.236795 -0.0731822 -0.968799 1.59463
0.0363906 0.995791 -0.0841158 0.029266
0.970878 -0.0551734 -0.233136 0.174554
-0 -0 0 1
39 39 0
-0.272914 -0.0725253 -0.959301 1.71889
0.0281315 0.996126 -0.0833127 0.0334936
0.961627 -0.0497238 -0.269817 0.210039
-0 -0 0 1
40 40 0
-0.254008 -0.0475211 -0.966034 1.83054
0.0268849 0.998059 -0.0561656 0.0374671
0.966828 -0.0402382 -0.252238 0.275284
-0 -0 0 1
41 41 0
-0.185346 -0.017375 -0.98252 1.90176
0.029285 0.999302 -0.0231962 0.0227946
0.982237 -0.0330724 -0.184708 0.365681
-0 -0 0 1
42 42 0
-0.123654 -0.0117967 -0.992255 1.97555
0.0261508 0.999543 -0.0151422 0.016197
0.991981 -0.0278206 -0.123289 0.439601
-0 -0 0 1
43 43 0
-0.0318772 -0.0112961 -0.999428 1.98992
0.0221198 0.999683 -0.0120045 0.00657606
0.999247 -0.0224898 -0.0316172 0.450948
-0 -0 0 1
44 44 0
0.118193 -0.0174902 -0.992837 1.99009
0.0227339 0.99963 -0.0149035 0.00441607
0.99273 -0.0208095 0.118547 0.464346
-0 -0 0 1
45 45 0
0.211775 -0.0236087 -0.977033 1.98143
0.0220314 0.999569 -0.0193779 -0.0452274
0.97707 -0.0174216 0.212204 0.471023
-0 -0 0 1
46 46 0
0.281752 -0.0447899 -0.958441 1.97409
0.0208876 0.998959 -0.0405431 -0.0757049
0.95926 -0.00859639 0.282395 0.478032
-0 -0 0 1
47 47 0
0.33257 -0.0607904 -0.941117 1.94603
0.0199678 0.998151 -0.0574183 -0.0619431
0.942867 0.000303566 0.333168 0.49588
-0 -0 0 1
48 48 0
0.24179 -0.0521229 -0.968928 1.81741
0.0138091 0.99864 -0.0502753 -0.0258342
0.97023 -0.00122397 0.242181 0.543541
-0 -0 0 1
49 49 0
0.0643863 -0.0459604 -0.996866 1.70192
0.00802663 0.99893 -0.0455371 0.000174929
0.997893 -0.00506951 0.0646864 0.619638
-0 -0 0 1
50 50 0
-0.159203 -0.0429124 -0.986313 1.6054
0.00686895 0.998983 -0.0445724 0.0259828
0.987222 -0.013871 -0.158746 0.728788
-0 -0 0 1
51 51 0
-0.36571 -0.0590434 -0.928854 1.60099
0.00679799 0.99779 -0.0661019 0.0486865
0.930704 -0.0304885 -0.3645 0.828061
-0 -0 0 1
52 52 0
-0.582378 -0.0571276 -0.810908 1.61291
0.00604419 0.997196 -0.0745921 0.0437002
0.812896 -0.0483421 -0.5804 0.941569
-0 -0 0 1
53 53 0
-0.681195 -0.0243783 -0.731696 1.6729
0.0125315 0.998911 -0.0449479 0.0482432
0.731995 -0.0397876 -0.680147 1.04225
-0 -0 0 1
54 54 0
-0.651585 -0.0120742 -0.75848 1.71654
0.021604 0.999172 -0.0344651 0.0466511
0.758268 -0.0388432 -0.650785 1.15547
-0 -0 0 1
55 55 0
-0.614671 -0.00751562 -0.788748 1.74022
0.0266504 0.999186 -0.0302894 0.0463387
0.788333 -0.0396385 -0.61397 1.30427
-0 -0 0 1
56 56 0
-0.616448 -0.00183783 -0.787393 1.76934
0.0263565 0.999389 -0.0229671 0.0111288
0.786954 -0.034911 -0.616023 1.45234
-0 -0 0 1
57 57 0
-0.633162 0.00317049 -0.774013 1.78157
0.0247787 0.999562 -0.0161752 -0.0234706
0.773623 -0.0294205 -0.632963 1.58984
-0 -0 0 1
58 58 0
-0.644971 0.00975194 -0.764145 1.77443
0.0230336 0.999712 -0.00668313 -0.026513
0.76386 -0.0219114 -0.64501 1.74466
-0 -0 0 1
59 59 0
-0.628905 0.0111872 -0.777401 1.84266
0.0184074 0.99983 -0.000503185 -0.0236905
0.777264 -0.0146264 -0.629005 1.86935
-0 -0 0 1
60 60 0
-0.574934 0.0151402 -0.81806 1.88685
0.0173898 0.999829 0.0062827 -0.0218278
0.818015 -0.0106137 -0.575099 1.92104
-0 -0 0 1
61 61 0
-0.542167 -0.00971241 -0.840215 1.81891
0.0146278 0.999673 -0.0209946 0.0168062
0.840143 -0.0236731 -0.541848 1.81658
-0 -0 0 1
62 62 0
-0.52684 -0.0368845 -0.849164 1.7534
0.013415 0.998573 -0.0516972 0.0541002
0.849859 -0.0386277 -0.525593 1.66769
-0 -0 0 1
63 63 0
-0.488528 -0.0436522 -0.871455 1.65136
0.0199413 0.997928 -0.0611662 0.0689963
0.87232 -0.0472593 -0.486646 1.54673
-0 -0 0 1
64 64 0
-0.476147 -0.0558521 -0.87759 1.57395
0.0217352 0.996929 -0.0752398 0.0632674
0.879097 -0.0548998 -0.473471 1.42497
-0 -0 0 1
65 65 0
-0.419003 -0.0676868 -0.905458 1.48308
0.0289892 0.995712 -0.0878484 0.0761312
0.907522 -0.0630573 -0.415244 1.30526
-0 -0 0 1
66 66 0
-0.350719 -0.075021 -0.933471 1.40375
0.0346497 0.995064 -0.0929895 0.0857747
0.935839 -0.0649578 -0.346389 1.18367
-0 -0 0 1
67 67 0
-0.202471 -0.00463388 -0.979277 1.30847
0.0436276 0.998953 -0.0137472 0.107331
0.978316 -0.045507 -0.202057 1.12087
-0 -0 0 1
68 68 0
-0.0369606 0.154981 -0.987226 1.23798
0.0432012 0.987225 0.153363 0.10704
0.998382 -0.0369809 -0.0431838 1.09133
-0 -0 0 1
69 69 0
0.053846 0.115009 -0.991904 1.17308
0.0374281 0.992415 0.1171 0.0677365
0.997848 -0.0434304 0.049133 1.07558
-0 -0 0 1
70 70 0
-0.0419536 0.0386751 -0.998371 1.13784
0.0345389 0.998709 0.0372368 0.0286325
0.998522 -0.0329204 -0.0432353 1.11424
-0 -0 0 1
71 71 0
-0.284401 -0.102575 -0.953202 1.13018
0.0136772 0.993724 -0.111017 0.0309096
0.958608 -0.0446104 -0.281214 1.14552
-0 -0 0 1
72 72 0
-0.495933 -0.162945 -0.852936 1.14865
-0.00206578 0.982455 -0.186487 0.0477755
0.868358 -0.0907231 -0.487568 1.15598
-0 -0 0 1
73 73 0
-0.542232 -0.142034 -0.828137 1.14283
0.0216477 0.98292 -0.182755 0.0574755
0.83995 -0.117023 -0.529896 1.16461
-0 -0 0 1
74 74 0
-0.586924 -0.0989481 -0.803573 1.10242
0.0394457 0.987831 -0.150448 0.0580641
0.808681 -0.119999 -0.575878 1.15251
-0 -0 0 1
75 75 0
-0.70448 -0.0621812 -0.706994 1.0399
0.045307 0.990183 -0.132234 0.0415118
0.708276 -0.125188 -0.694747 1.14987
-0 -0 0 1
76 76 0
-0.769549 -0.0110613 -0.638491 1.01661
0.0540279 0.995137 -0.0823576 0.0343478
0.636298 -0.0978746 -0.76521 1.14348
-0 -0 0 1
77 77 0
-0.78797 -0.00106285 -0.615713 0.976908
0.0574198 0.995514 -0.0752025 -0.000835338
0.613031 -0.0946114 -0.784374 1.12668
-0 -0 0 1
78 78 0
-0.896018 0.0114263 -0.44387 0.938823
0.0480182 0.9963 -0.0712849 -0.0612467
0.441413 -0.0851864 -0.893251 1.13287
-0 -0 0 1
79 79 0
-0.915698 0.0135704 -0.401638 0.929842
0.0468041 0.99623 -0.0730488 -0.0910788
0.399132 -0.0856889 -0.91288 1.13788
-0 -0 0 1
80 80 0
-0.882682 0.00856392 -0.469892 0.900332
0.0502095 0.99583 -0.0761683 -0.126592
0.46728 -0.0908255 -0.879432 1.15801
-0 -0 0 1
81 81 0
-0.869991 0.0032858 -0.493057 0.891583
0.0475553 0.995875 -0.0772739 -0.16476
0.490769 -0.090675 -0.866559 1.16894
-0 -0 0 1
82 82 0
-0.85447 -0.0028089 -0.519493 0.854853
0.0461203 0.995627 -0.0812429 -0.199125
0.517449 -0.0933788 -0.850604 1.19795
-0 -0 0 1
83 83 0
-0.832375 -0.0127787 -0.554065 0.825517
0.045345 0.994812 -0.0910659 -0.215612
0.552355 -0.100925 -0.827477 1.21412
-0 -0 0 1
84 84 0
-0.807366 -0.0195992 -0.589725 0.792181
0.047081 0.994122 -0.0974955 -0.267306
0.58817 -0.106479 -0.801697 1.23979
-0 -0 0 1
85 85 0
-0.821852 -0.010515 -0.569604 0.783023
0.0440802 0.995659 -0.0819811 -0.224695
0.567993 -0.0924846 -0.817821 1.27149
-0 -0 0 1
86 86 0
-0.878628 0.142715 -0.45568 0.792986
0.0453753 0.974927 0.217848 -0.193252
0.475345 0.170731 -0.863075 1.26931
-0 -0 0 1
87 87 0
-0.900014 0.217662 -0.377623 0.779171
0.0263339 0.891954 0.451359 -0.184134
0.435066 0.396285 -0.808502 1.27268
-0 -0 0 1
88 88 0
-0.795999 0.302571 -0.524249 0.743902
-0.00744973 0.861137 0.508318 -0.17798
0.605252 0.408526 -0.68321 1.28438
-0 -0 0 1
89 89 0
-0.686297 0.418456 -0.594887 0.712174
-0.0299144 0.800983 0.597939 -0.179551
0.726706 0.428159 -0.537194 1.30906
-0 -0 0 1
90 90 0
-0.602174 0.449255 -0.659967 0.65235
-0.0484164 0.804577 0.591871 -0.19836
0.796896 0.388362 -0.462744 1.33377
-0 -0 0 1
91 91 0
-0.656861 0.274281 -0.702356 0.623154
-0.0691975 0.905633 0.418379 -0.212618
0.75083 0.323418 -0.575895 1.36959
-0 -0 0 1
92 92 0
-0.740977 0.0672344 -0.668156 0.614335
-0.0668322 0.982652 0.172997 -0.221965
0.668196 0.172841 -0.723629 1.37291
-0 -0 0 1
93 93 0
-0.752599 -0.0759759 -0.654082 0.612852
-0.051255 0.997067 -0.0568409 -0.23538
0.656482 -0.00925341 -0.754285 1.38053
-0 -0 0 1
94 94 0
-0.782537 -0.159958 -0.601705 0.612625
-0.0169726 0.971555 -0.236206 -0.254843
0.622372 -0.174627 -0.762993 1.37889
-0 -0 0 1
95 95 0
-0.773999 -0.157451 -0.613299 0.574858
0.0301742 0.958317 -0.284108 -0.244609
0.632468 -0.238405 -0.736985 1.36625
-0 -0 0 1
96 96 0
-0.79333 -0.131471 -0.594426 0.547073
0.0577046 0.955768 -0.288404 -0.206656
0.606051 -0.263101 -0.750653 1.40185
-0 -0 0 1
97 97 0
-0.75996 -0.122788 -0.638266 0.529796
0.0854458 0.954598 -0.28538 -0.19032
0.644329 -0.271415 -0.714965 1.40159
-0 -0 0 1
98 98 0
-0.776981 -0.111802 -0.619517 0.507971
0.0875503 0.955349 -0.282212 -0.185606
0.623407 -0.273512 -0.732499 1.41957
-0 -0 0 1
99 99 0
-0.84273 -0.0786394 -0.532562 0.480639
0.0939653 0.952599 -0.289354 -0.172198
0.530073 -0.29389 -0.795394 1.44138
-0 -0 0 1
100 100 0
-0.805556 -0.0474171 -0.59062 0.46322
0.125517 0.960515 -0.248309 -0.161372
0.579073 -0.27416 -0.767796 1.4453
-0 -0 0 1
101 101 0
-0.773342 -0.0524406 -0.631817 0.452159
0.12968 0.962419 -0.238608 -0.11826
0.620585 -0.266459 -0.737478 1.45141
-0 -0 0 1
102 102 0
-0.814516 -0.0501599 -0.577969 0.4453
0.109844 0.9649 -0.23854 -0.0933238
0.569647 -0.257781 -0.780417 1.45984
-0 -0 0 1
103 103 0
-0.91636 -0.0107754 -0.400211 0.428258
0.0871487 0.970298 -0.225668 -0.0706486
0.390755 -0.241671 -0.888203 1.46495
-0 -0 0 1
104 104 0
-0.899292 -0.00638476 -0.437302 0.423427
0.0923426 0.974579 -0.204127 -0.0675672
0.427489 -0.223952 -0.875842 1.45488
-0 -0 0 1
105 105 0
-0.894988 -0.0173813 -0.445751 0.41839
0.0793261 0.977114 -0.197374 -0.00902215
0.43898 -0.212007 -0.873127 1.46921
-0 -0 0 1
106 106 0
-0.932238 -0.0161825 -0.361485 0.417467
0.0596939 0.978434 -0.197747 0.0318228
0.356889 -0.205925 -0.911167 1.49943
-0 -0 0 1
107 107 0
-0.948705 -0.00804836 -0.316061 0.401114
0.0565127 0.97926 -0.194568 0.0526504
0.311072 -0.202449 -0.928574 1.55993
-0 -0 0 1
108 108 0
-0.970502 0.0220904 -0.240079 0.348796
0.0534553 0.990725 -0.12493 0.0582575
0.235093 -0.134078 -0.962681 1.65097
-0 -0 0 1
109 109 0
-0.976875 0.0399156 -0.210055 0.286604
0.0554932 0.996086 -0.0687941 0.0620433
0.206486 -0.0788598 -0.975266 1.72199
-0 -0 0 1
110 110 0
-0.993974 0.0411759 -0.101586 0.258954
0.0448687 0.998403 -0.0343376 0.0689804
0.10001 -0.0386887 -0.994234 1.84851
-0 -0 0 1
111 111 0
-0.994475 0.0425269 -0.0959694 0.221456
0.0373332 0.997773 0.055281 0.0807525
0.0981066 0.0513928 -0.993848 1.95555
-0 -0 0 1
112 112 0
-0.996755 0.0364478 -0.071775 0.152442
0.0288636 0.994158 0.104004 0.0715619
0.0751464 0.101595 -0.991984 2.03785
-0 -0 0 1
113 113 0
-0.989197 0.000687975 0.14659 0.113282
0.0184843 0.992593 0.120074 0.053129
-0.145422 0.121487 -0.981883 2.08865
-0 -0 0 1
114 114 0
-0.987642 -0.0187048 0.155608 0.0187187
-0.00107412 0.993637 0.112623 -0.000216482
-0.156724 0.111064 -0.981378 2.11869
-0 -0 0 1
115 115 0
-0.98276 -0.0108452 0.184566 -0.0308363
-0.0144249 0.999733 -0.0180634 -0.0137794
-0.184321 -0.0204143 -0.982654 2.15065
-0 -0 0 1
116 116 0
-0.985835 -0.00167325 0.167711 -0.0508789
-0.0148471 0.996895 -0.0773281 -0.00614615
-0.167061 -0.0787227 -0.982799 2.15547
-0 -0 0 1
117 117 0
-0.98965 0.00513947 0.143409 -0.132186
-0.0070492 0.996411 -0.0843547 0.0327007
-0.143328 -0.0844926 -0.986062 2.13928
-0 -0 0 1
118 118 0
-0.989151 0.0138546 0.146248 -0.226092
0.00265382 0.997066 -0.0765066 0.035189
-0.146879 -0.0752884 -0.986285 2.06268
-0 -0 0 1
119 119 0
-0.9674 0.0230309 0.252205 -0.328348
0.00690713 0.997885 -0.064631 0.0372617
-0.25316 -0.060782 -0.965513 1.98195
-0 -0 0 1
120 120 0
-0.925983 0.0257829 0.376683 -0.395445
0.00999013 0.99899 -0.0438197 0.0409198
-0.377432 -0.0368132 -0.925305 1.89286
-0 -0 0 1
121 121 0
-0.88525 0.0284358 0.464246 -0.417736
0.0133213 0.99927 -0.0358051 0.0302164
-0.464925 -0.0255121 -0.884982 1.76907
-0 -0 0 1
122 122 0
-0.854283 0.0346194 0.518655 -0.488729
0.0165154 0.999084 -0.0394846 0.0288938
-0.519546 -0.0251652 -0.854072 1.64502
-0 -0 0 1
123 123 0
-0.823196 0.0395771 0.566377 -0.537409
0.0173561 0.998855 -0.0445717 0.0287593
-0.567492 -0.0268612 -0.82294 1.55274
-0 -0 0 1
124 124 0
-0.849306 0.0428573 0.526159 -0.586959
0.0186446 0.998512 -0.0512365 0.0343478
-0.527572 -0.0337054 -0.848841 1.49765
-0 -0 0 1
125 125 0
-0.856059 0.0360283 0.515622 -0.64898
0.0182065 0.999051 -0.0395798 0.0541286
-0.516558 -0.024495 -0.855902 1.56007
-0 -0 0 1
126 126 0
-0.735996 0.0255678 0.676503 -0.765152
0.012507 0.99963 -0.0241732 0.0735016
-0.67687 -0.00933036 -0.736043 1.64986
-0 -0 0 1
127 127 0
-0.552482 0.0153357 0.833384 -0.861057
0.00682321 0.99988 -0.0138761 0.0752855
-0.833497 -0.00197994 -0.552521 1.7092
-0 -0 0 1
128 128 0
-0.335925 0.0160754 0.941752 -0.957634
0.00657963 0.99987 -0.0147204 0.059231
-0.941866 0.00125142 -0.335987 1.69023
-0 -0 0 1
129 129 0
-0.322216 0.021562 0.94642 -1.07449
0.0130861 0.999747 -0.0183216 0.0713831
-0.946576 0.00648142 -0.322417 1.63267
-0 -0 0 1
130 130 0
-0.348186 0.0215501 0.937178 -1.16432
0.0177066 0.999709 -0.0164095 0.0632024
-0.937258 0.0108807 -0.348466 1.52771
-0 -0 0 1
131 131 0
-0.405456 0.0252339 0.913766 -1.26355
0.0203025 0.999621 -0.0185962 0.0595877
-0.913889 0.0110118 -0.405815 1.3916
-0 -0 0 1
132 132 0
-0.460981 0.0361836 0.886672 -1.36285
0.0229214 0.999321 -0.0288638 0.0603999
-0.887114 0.00701809 -0.461497 1.23912
-0 -0 0 1
133 133 0
-0.515561 0.0464022 0.855596 -1.49942
0.0237774 0.998923 -0.0398477 0.0605876
-0.856523 -0.000200081 -0.516109 1.10814
-0 -0 0 1
134 134 0
-0.561754 0.0520303 0.825666 -1.63478
0.025321 0.998634 -0.0457026 0.0551542
-0.826917 -0.00476694 -0.562304 0.985991
-0 -0 0 1
135 135 0
-0.595076 0.054363 0.801829 -1.7558
0.0259471 0.998489 -0.0484397 0.0609658
-0.80325 -0.00802018 -0.595588 0.852149
-0 -0 0 1
136 136 0
-0.551798 0.0465746 0.832676 -1.85847
0.0216065 0.998903 -0.041554 0.0605577
-0.833698 -0.00493821 -0.552199 0.718436
-0 -0 0 1
137 137 0
-0.492264 0.0417058 0.869446 -1.96391
0.0187923 0.999128 -0.0372865 0.0568667
-0.870243 -0.00201587 -0.492618 0.579632
-0 -0 0 1
138 138 0
-0.46897 0.0426956 0.882181 -2.07193
0.0192556 0.999088 -0.0381172 0.0587134
-0.883004 -0.000888916 -0.469365 0.437267
-0 -0 0 1
139 139 0
-0.492171 0.0192681 0.870285 -2.15516
0.021246 0.999723 -0.0101186 0.0391689
-0.870239 0.0135099 -0.492444 0.282877
-0 -0 0 1
140 140 0
-0.537053 0.000407698 0.843549 -2.24097
0.0218845 0.99967 0.0134498 0.0343478
-0.843265 0.0256838 -0.536885 0.148968
-0 -0 0 1
141 141 0
-0.510014 -0.00288401 0.860161 -2.32971
0.0175419 0.999752 0.0137531 0.0225832
-0.859987 0.0221031 -0.509837 0.0125297
-0 -0 0 1
142 142 0
-0.461823 -0.00989638 0.886917 -2.40437
0.0125933 0.999764 0.017713 0.0257997
-0.886883 0.0193495 -0.461589 -0.140768
-0 -0 0 1
143 143 0
-0.329952 -0.0152285 0.943875 -2.45098
0.00636996 0.999811 0.0183577 0.0267815
-0.943976 0.0120696 -0.329792 -0.289911
-0 -0 0 1
144 144 0
-0.169074 -0.0254681 0.985274 -2.48327
0.00144105 0.999659 0.0260872 0.0365492
-0.985602 0.00583052 -0.16898 -0.445743
-0 -0 0 1
145 145 0
0.0243041 -0.0349643 0.999093 -2.45019
-0.00138989 0.999386 0.0350084 0.0468218
-0.999704 -0.00223948 0.0242406 -0.595113
-0 -0 0 1
146 146 0
0.181224 -0.0350012 0.982819 -2.369
-0.000990072 0.999359 0.0357728 0.0356448
-0.983441 -0.00745594 0.181073 -0.751812
-0 -0 0 1
147 147 0
0.270011 -0.030109 0.962386 -2.28655
-0.000768905 0.999504 0.0314859 0.0364923
-0.962857 -0.00924153 0.269854 -0.887554
-0 -0 0 1
148 148 0
0.402892 -0.0277614 0.914827 -2.2145
-0.000286547 0.999536 0.0304582 0.0374353
-0.915248 -0.0125335 0.402697 -0.992202
-0 -0 0 1
149 149 0
0.459362 -0.0324057 0.887658 -2.14014
0.000827085 0.999349 0.0360552 0.0347836
-0.888249 -0.0158282 0.45909 -1.07111
-0 -0 0 1
150 150 0
0.604647 -0.0307654 0.795899 -2.03731
0.00543639 0.99939 0.0345013 0.00602985
-0.796475 -0.0165343 0.604446 -1.17035
-0 -0 0 1
151 151 0
0.664756 -0.0218705 0.74674 -1.9279
0.00723683 0.999713 0.0228373 0.0154192
-0.747025 -0.0097772 0.664724 -1.24707
-0 -0 0 1
152 152 0
0.688688 -0.0117455 0.724963 -1.84598
0.00945035 0.999929 0.00722292 0.0148311
-0.724996 0.00187681 0.68875 -1.38816
-0 -0 0 1
153 153 0
0.715788 -0.00915734 0.698257 -1.82968
0.0112666 0.999935 0.00156421 0.0083899
-0.698226 0.00674736 0.715845 -1.55656
-0 -0 0 1
154 154 0
0.751244 -0.0136928 0.659883 -1.87641
0.0131755 0.999897 0.00574866 -0.00311042
-0.659893 0.0043756 0.751347 -1.71726
-0 -0 0 1
155 155 0
0.768802 -0.0128973 0.639357 -1.91592
0.0121125 0.999911 0.00560579 -0.014888
-0.639372 0.00343445 0.76889 -1.84535
-0 -0 0 1
156 156 0
0.865804 -0.0188059 0.50003 -1.91273
0.0149901 0.99982 0.0116472 -0.0405304
-0.500159 -0.00258871 0.86593 -2.0131
-0 -0 0 1
157 157 0
0.899296 -0.0133045 0.437138 -1.90089
0.0171012 0.999842 -0.00475064 -0.0503844
-0.437006 0.0117478 0.899382 -2.18536
-0 -0 0 1
158 158 0
0.937175 -0.0100732 0.348715 -1.91763
0.017283 0.999696 -0.0175702 -0.0361501
-0.348432 0.0224932 0.937064 -2.36189
-0 -0 0 1
159 159 0
0.970644 -0.0112429 0.240259 -1.87968
0.0176988 0.999537 -0.0247294 -0.0302356
-0.239869 0.0282557 0.970394 -2.51896
-0 -0 0 1
160 160 0
0.968196 -0.0183693 0.249519 -1.7617
0.0274573 0.999078 -0.0329901 -0.0398184
-0.248683 0.038792 0.967808 -2.62669
-0 -0 0 1
161 161 0
0.946343 -0.0183151 0.322645 -1.637
0.0339631 0.9985 -0.0429362 -0.0423368
-0.321375 0.0515905 0.945546 -2.68018
-0 -0 0 1
162 162 0
0.937186 -0.017216 0.348406 -1.49892
0.0360137 0.998219 -0.0475485 -0.0286375
-0.346967 0.0571091 0.936137 -2.73866
-0 -0 0 1
163 163 0
0.972469 -0.022066 0.231986 -1.3547
0.033411 0.998424 -0.0450888 -0.00445069
-0.230625 0.0515983 0.971674 -2.67768
-0 -0 0 1
164 164 0
0.992416 -0.0301697 0.119169 -1.19404
0.0348041 0.998709 -0.0370014 -0.00739048
-0.117898 0.0408683 0.992184 -2.57002
-0 -0 0 1
165 165 0
0.987165 -0.0330802 0.156241 -1.04726
0.0391365 0.998591 -0.035846 -0.00718917
-0.154835 0.0415006 0.987068 -2.44599
-0 -0 0 1
166 166 0
0.989198 -0.0325258 0.142928 -0.898864
0.0386593 0.998438 -0.0403474 -0.000562265
-0.141392 0.0454371 0.98891 -2.34373
-0 -0 0 1
167 167 0
0.997569 -0.0329792 0.061381 -0.765259
0.0355242 0.998534 -0.0408437 -0.000636129
-0.059944 0.0429249 0.997278 -2.24505
-0 -0 0 1
168 168 0
0.998845 -0.0353579 -0.0325279 -0.657798
0.0341936 0.998778 -0.0356823 0.00675672
0.0337498 0.0345288 0.998834 -2.09728
-0 -0 0 1
169 169 0
0.955395 -0.0327012 -0.293515 -0.582344
0.0273581 0.999377 -0.022292 0.0182423
0.294061 0.0132676 0.955695 -1.97161
-0 -0 0 1
170 170 0
0.897482 -0.0179799 -0.440685 -0.497543
0.0286779 0.999433 0.0176276 0.0457167
0.440118 -0.0284584 0.897489 -1.86247
-0 -0 0 1
171 171 0
0.814239 0.0771709 -0.575378 -0.398219
0.0351162 0.982763 0.181504 0.0568634
0.579467 -0.167993 0.797494 -1.78063
-0 -0 0 1
172 172 0
0.821443 0.098241 -0.561765 -0.286716
0.0220564 0.978841 0.203431 0.0167165
0.569864 -0.179497 0.801895 -1.67505
-0 -0 0 1
173 173 0
0.831551 0.034686 -0.554365 -0.175448
0.00905393 0.997069 0.0759666 -0.00767929
0.555375 -0.0681892 0.8288 -1.58214
-0 -0 0 1
174 174 0
0.819782 -0.093765 -0.564947 -0.0915265
0.000769091 0.986684 -0.162645 -0.0201555
0.572675 0.132899 0.808938 -1.47626
-0 -0 0 1
175 175 0
0.841446 -0.156675 -0.517129 0.00132468
0.0158707 0.963794 -0.266177 -0.0178098
0.540109 0.215766 0.813466 -1.35599
-0 -0 0 1
176 176 0
0.872257 -0.166162 -0.459955 0.105492
0.0373009 0.960375 -0.276205 -0.0106844
0.487624 0.223765 0.843891 -1.25098
-0 -0 0 1
177 177 0
0.891541 -0.169862 -0.419882 0.188008
0.0545493 0.960536 -0.272756 0.00473549
0.449643 0.220269 0.865623 -1.12911
-0 -0 0 1
178 178 0
0.871739 -0.143447 -0.468502 0.276447
0.0619694 0.980784 -0.184992 0.0259625
0.486035 0.132232 0.863877 -1.02112
-0 -0 0 1
179 179 0
0.793305 -0.0626367 -0.605594 0.3318
0.0672406 0.997622 -0.0151016 0.05136
0.6051 -0.0287403 0.795631 -0.878139
-0 -0 0 1
180 180 0
0.72484 0.0392918 -0.687796 0.418494
0.0712852 0.988735 0.131608 0.0682817
0.685219 -0.144425 0.713874 -0.768978
-0 -0 0 1
181 181 0
0.594943 0.139452 -0.791578 0.484694
0.0666078 0.972893 0.221456 0.0597262
0.801003 -0.184479 0.569527 -0.663485
-0 -0 0 1
182 182 0
0.303994 0.208151 -0.929656 0.518774
0.0496087 0.971056 0.233642 0.0387798
0.951381 -0.117145 0.284869 -0.571561
-0 -0 0 1
183 183 0
0.00227422 0.0933874 -0.995627 0.524108
0.00868429 0.99559 0.0934038 0.0283738
0.99996 -0.00885873 0.00145319 -0.512555
-0 -0 0 1
184 184 0
-0.184912 -0.13943 -0.972814 0.573556
-0.00542279 0.990014 -0.140865 0.0254121
0.98274 -0.0207722 -0.183821 -0.459503
-0 -0 0 1
185 185 0
-0.243623 -0.18305 -0.952439 0.615612
0.0122502 0.981369 -0.191744 0.00546257
0.969793 -0.0583808 -0.236842 -0.373143
-0 -0 0 1
186 186 0
-0.204043 -0.201514 -0.957997 0.656087
0.0278193 0.976996 -0.211436 0.028252
0.978566 -0.0697928 -0.193744 -0.284877
-0 -0 0 1
187 187 0
-0.259171 -0.14106 -0.955475 0.687472
0.0390594 0.986937 -0.1563 0.0475007
0.965041 -0.0778287 -0.250276 -0.178919
-0 -0 0 1
188 188 0
-0.323293 0.0445995 -0.945247 0.741513
0.0532075 0.998165 0.0288983 0.0645402
0.944802 -0.0409516 -0.325073 -0.0634842
-0 -0 0 1
189 189 0
-0.28207 0.103683 -0.953775 0.798435
0.0599695 0.994105 0.0903317 0.0589328
0.957518 -0.0317175 -0.286624 0.0579204
-0 -0 0 1
190 190 0
-0.223844 0.129719 -0.965954 0.841675
0.0515243 0.991292 0.121182 0.0562224
0.973262 -0.0226443 -0.228579 0.185689
-0 -0 0 1
191 191 0
-0.1612 0.127183 -0.978693 0.923421
0.0421476 0.991644 0.121924 0.053142
0.986021 -0.0215954 -0.165213 0.316045
-0 -0 0 1
192 192 0
-0.0920782 0.113433 -0.98927 1.02263
0.0341624 0.993265 0.110711 0.043114
0.995166 -0.0236018 -0.0953332 0.446221
-0 -0 0 1
193 193 0
-0.0223008 0.0551414 -0.998229 1.11997
0.0286825 0.998102 0.0544936 0.0435416
0.99934 -0.0274165 -0.0238401 0.573031
-0 -0 0 1
194 194 0
0.0394983 -0.0141958 -0.999119 1.16991
0.0254452 0.999589 -0.0131965 0.0593623
0.998896 -0.0249015 0.0398433 0.696441
-0 -0 0 1
195 195 0
0.000813523 -0.113525 -0.993535 1.24647
0.0232494 0.993269 -0.113476 0.050798
0.999729 -0.0230068 0.00344744 0.778322
-0 -0 0 1
196 196 0
-0.171655 -0.291361 -0.941086 1.31649
0.0119723 0.954578 -0.297721 0.0404445
0.985084 -0.0623723 -0.16037 0.853472
-0 -0 0 1
197 197 0
-0.216312 -0.341681 -0.914584 1.3318
0.0345189 0.9335 -0.356912 0.0612265
0.975714 -0.108775 -0.190132 0.939534
-0 -0 0 1
198 198 0
-0.336344 -0.292449 -0.89518 1.26856
0.0428052 0.94483 -0.324752 0.0725807
0.940766 -0.147547 -0.30527 0.986707
-0 -0 0 1
199 199 0
-0.569467 -0.0598952 -0.819829 1.20543
0.056063 0.99219 -0.11143 0.0658361
0.8201 -0.109418 -0.561662 1.05782
-0 -0 0 1
200 200 0
-0.533287 0.0142984 -0.845814 1.12767
0.0664868 0.997473 -0.0250578 0.0618875
0.843318 -0.0695984 -0.532889 1.09951
-0 -0 0 1
201 201 0
-0.573364 0.125963 -0.80956 1.06906
0.0590584 0.991894 0.112506 0.0796165
0.817169 0.0166957 -0.576156 1.09444
-0 -0 0 1
202 202 0
-0.65429 0.125225 -0.745804 1.05249
0.0424828 0.990724 0.129078 0.0673899
0.75505 0.0527709 -0.65354 1.10711
-0 -0 0 1
203 203 0
-0.811488 0.115671 -0.572807 1.01984
0.0393868 0.988811 0.143879 0.0510155
0.58304 0.0941952 -0.806964 1.13691
-0 -0 0 1
204 204 0
-0.890245 0.0868913 -0.447117 0.979527
0.0160741 0.987017 0.159809 0.0137725
0.455198 0.135082 -0.880084 1.12189
-0 -0 0 1
205 205 0
-0.91407 0.0623769 -0.400732 0.932029
-0.0032273 0.986951 0.160988 -0.0792203
0.405545 0.148447 -0.901941 1.11599
-0 -0 0 1
206 206 0
-0.889116 0.0514512 -0.454781 0.896722
-0.0175256 0.989105 0.146165 -0.0955073
0.457347 0.137927 -0.878527 1.12713
-0 -0 0 1
207 207 0
-0.885755 0.0534896 -0.461062 0.883914
-0.0140073 0.989805 0.141741 -0.161561
0.463943 0.132006 -0.875975 1.14965
-0 -0 0 1
208 208 0
-0.889055 0.0486449 -0.455209 0.864529
-0.0155001 0.99057 0.136128 -0.211026
0.457538 0.128081 -0.879917 1.19374
-0 -0 0 1
209 209 0
-0.882596 0.049525 -0.467515 0.813448
-0.00961579 0.992326 0.123273 -0.253684
0.470033 0.113295 -0.875347 1.23579
-0 -0 0 1
210 210 0
-0.91843 0.0311022 -0.394359 0.789101
-0.00666188 0.995547 0.0940316 -0.297619
0.395527 0.0889886 -0.914133 1.27153
-0 -0 0 1
211 211 0
-0.926257 0.0117826 -0.376708 0.743153
-0.00921479 0.998504 0.0538885 -0.337723
0.376779 0.0533859 -0.924763 1.27911
-0 -0 0 1
212 212 0
-0.975703 0.00305495 -0.219076 0.692066
-0.00285815 0.99964 0.0266691 -0.335349
0.219078 0.0266473 -0.975343 1.3144
-0 -0 0 1
213 213 0
-0.967506 0.00873609 -0.252698 0.645635
0.00489986 0.999863 0.0158064 -0.350849
0.252801 0.0140546 -0.967416 1.34646
-0 -0 0 1
214 214 0
-0.956068 0.0157708 -0.292721 0.632695
0.0129416 0.999849 0.0115994 -0.309345
0.29286 0.00730155 -0.956128 1.37064
-0 -0 0 1
215 215 0
-0.956552 0.0237573 -0.290592 0.601631
0.020863 0.999697 0.0130546 -0.259668
0.290814 0.00642477 -0.956758 1.37076
-0 -0 0 1
216 216 0
-0.981085 0.0277464 -0.191578 0.577576
0.025524 0.999575 0.0140592 -0.216613
0.191887 0.00890346 -0.981377 1.41012
-0 -0 0 1
217 217 0
-0.984567 0.0285385 -0.172664 0.563388
0.0272645 0.999581 0.00974602 -0.189107
0.17287 0.004888 -0.984933 1.42512
-0 -0 0 1
218 218 0
-0.972278 0.0320025 -0.231626 0.533392
0.032002 0.999481 0.00376052 -0.163907
0.231626 -0.0037562 -0.972798 1.43702
-0 -0 0 1
219 219 0
-0.955128 0.0364776 -0.293938 0.469259
0.0364484 0.99932 0.00557911 -0.139403
0.293941 -0.00538479 -0.955808 1.436
-0 -0 0 1
220 220 0
-0.930408 0.0427975 -0.364019 0.442404
0.0416916 0.999071 0.0108992 -0.0914612
0.364148 -0.0050358 -0.931328 1.45246
-0 -0 0 1
221 221 0
-0.902365 0.0480943 -0.428281 0.433516
0.0446421 0.998839 0.0181073 -0.0316921
0.428655 -0.00277993 -0.903464 1.48354
-0 -0 0 1
222 222 0
-0.89984 0.0507775 -0.433254 0.403773
0.0459532 0.99871 0.0216072 -0.00980495
0.433792 -0.000466397 -0.901013 1.49889
-0 -0 0 1
223 223 0
-0.989712 0.0436915 -0.136237 0.299925
0.0424743 0.999028 0.0118299 0.0390397
0.136622 0.00592159 -0.990606 1.55628
-0 -0 0 1
224 224 0
-0.981198 0.0273279 0.191061 0.210655
0.0310229 0.999385 0.0163744 0.088648
-0.190496 0.0219938 -0.981441 1.59058
-0 -0 0 1
225 225 0
-0.931171 -0.0243756 0.363767 0.141861
0.0259256 0.990809 0.132757 0.120685
-0.36366 0.133051 -0.921981 1.63936
-0 -0 0 1
226 226 0
-0.888968 -0.0932072 0.448383 0.0802484
0.0274197 0.966481 0.255269 0.0825339
-0.457147 0.23922 -0.856616 1.63519
-0 -0 0 1
227 227 0
-0.897164 -0.0709521 0.435961 0.00877627
0.00542116 0.985171 0.171492 0.0523039
-0.441664 0.15622 -0.883475 1.59087
-0 -0 0 1
228 228 0
-0.920869 0.0254522 0.389041 -0.0750516
-0.000729418 0.997753 -0.0670024 0.0686162
-0.389872 -0.0619842 -0.918781 1.53789
-0 -0 0 1
229 229 0
-0.942542 0.0940571 0.320573 -0.141236
0.00991552 0.967004 -0.254568 0.0535068
-0.333939 -0.236763 -0.912375 1.45656
-0 -0 0 1
230 230 0
-0.960652 0.117172 0.251831 -0.246803
0.0339497 0.9494 -0.312229 0.0519612
-0.275672 -0.291394 -0.916021 1.35607
-0 -0 0 1
231 231 0
-0.947451 0.127375 0.293448 -0.352153
0.0476087 0.963239 -0.264392 0.0447648
-0.316337 -0.236528 -0.918687 1.27848
-0 -0 0 1
232 232 0
-0.849918 0.0996258 0.51741 -0.436443
0.0518492 0.99301 -0.106032 0.0490551
-0.524357 -0.0632909 -0.849143 1.18738
-0 -0 0 1
233 233 0
-0.851484 0.10255 0.514256 -0.508543
0.0731102 0.994329 -0.0772307 0.0378645
-0.519259 -0.0281634 -0.854153 1.06461
-0 -0 0 1
234 234 0
-0.875894 0.100522 0.471916 -0.565329
0.0789129 0.994733 -0.0654214 0.0334068
-0.476006 -0.020062 -0.879213 0.934473
-0 -0 0 1
235 235 0
-0.905974 0.0926503 0.413071 -0.642205
0.0764549 0.995521 -0.0556061 0.0383274
-0.416373 -0.0187963 -0.908999 0.80844
-0 -0 0 1
236 236 0
-0.929035 0.0834526 0.360457 -0.720689
0.0714356 0.996358 -0.046559 0.0369699
-0.36303 -0.0175055 -0.931613 0.689641
-0 -0 0 1
237 237 0
-0.94946 0.0739677 0.305048 -0.807114
0.0654754 0.997131 -0.0379915 0.0285016
-0.306983 -0.0160983 -0.951579 0.56501
-0 -0 0 1
238 238 0
-0.966639 0.065664 0.247583 -0.892023
0.0589631 0.997668 -0.0343916 0.0306911
-0.249264 -0.018646 -0.968256 0.443177
-0 -0 0 1
239 239 0
-0.966739 0.0586794 0.248942 -0.956712
0.0506661 0.997974 -0.0384812 0.0281723
-0.250695 -0.0245883 -0.967754 0.302871
-0 -0 0 1
240 240 0
-0.931889 0.0506265 0.359194 -1.01847
0.0384633 0.998421 -0.0409335 0.0263363
-0.3607 -0.0243296 -0.932365 0.198633
-0 -0 0 1
241 241 0
-0.81898 0.0449272 0.572061 -1.06483
0.0248726 0.998773 -0.0428308 0.053526
-0.573283 -0.0208489 -0.819092 0.145493
-0 -0 0 1
242 242 0
-0.545275 -0.022641 0.837952 -1.03962
0.0109886 0.999356 0.0341526 0.0889837
-0.838185 0.0278305 -0.544675 0.17433
-0 -0 0 1
243 243 0
-0.0757316 -0.106718 0.991401 -1.04699
0.0141384 0.994041 0.108082 0.0941254
-0.997028 0.0222021 -0.0737715 0.20848
-0 -0 0 1
244 244 0
0.206159 -0.141984 0.968163 -1.04488
0.00714286 0.989609 0.143608 0.0891512
-0.978492 -0.0226906 0.205031 0.180166
-0 -0 0 1
245 245 0
0.216052 -0.0204518 0.976168 -1.05371
-0.00458389 0.999748 0.0219604 0.0631715
-0.976371 -0.00921923 0.215904 0.10221
-0 -0 0 1
246 246 0
0.272122 0.125524 0.95404 -1.07263
-0.011194 0.991801 -0.127299 0.0658675
-0.962198 0.0239615 0.271296 0.00604324
-0 -0 0 1
247 247 0
0.380217 0.128902 0.915871 -1.04457
-0.00406444 0.990464 -0.137713 0.0752788
-0.924888 0.0486385 0.377115 -0.079502
-0 -0 0 1
248 248 0
0.431156 0.119035 0.894391 -1.03322
0.01433 0.990231 -0.138699 0.0847884
-0.902164 0.0726173 0.425238 -0.190848
-0 -0 0 1
249 249 0
0.486294 0.10675 0.86725 -1.02153
0.0283198 0.990063 -0.137746 0.0836847
-0.873336 0.0915455 0.478438 -0.312239
-0 -0 0 1
250 250 0
0.581211 0.0829905 0.80951 -1.01129
0.0323529 0.991643 -0.124891 0.0745738
-0.813109 0.0987783 0.573669 -0.38064
-0 -0 0 1
251 251 0
0.626845 0.0671796 0.776242 -1.06905
0.0425381 0.991839 -0.12019 0.0697121
-0.777982 0.10836 0.618872 -0.46041
-0 -0 0 1
252 252 0
0.565412 0.0560908 0.822899 -1.11695
0.0514775 0.99334 -0.103079 0.0639613
-0.823201 0.100643 0.558759 -0.528949
-0 -0 0 1
253 253 0
0.516024 0.0556809 0.854763 -1.1779
0.0520683 0.994001 -0.096185 0.0602044
-0.85499 0.0941398 0.510029 -0.582466
-0 -0 0 1
254 254 0
0.490298 0.0541857 0.869869 -1.2333
0.0481943 0.994853 -0.0891357 0.0515047
-0.870221 0.0856258 0.485163 -0.603026
-0 -0 0 1
255 255 0
0.485795 0.0321823 0.87348 -1.28976
0.0472851 0.996891 -0.0630273 0.0352259
-0.872793 0.0719209 0.482762 -0.653225
-0 -0 0 1
256 256 0
0.560554 0.000768552 0.828118 -1.28702
0.0408404 0.998757 -0.0285718 -0.0338705
-0.82711 0.0498367 0.559826 -0.702847
-0 -0 0 1
257 257 0
0.678921 -0.0109384 0.73413 -1.21352
0.0358694 0.999189 -0.0182842 -0.065632
-0.733335 0.0387463 0.678763 -0.740479
-0 -0 0 1
258 258 0
0.694831 -0.00645815 0.719144 -1.18682
0.0310111 0.999299 -0.0209886 -0.045945
-0.718504 0.036885 0.694544 -0.78659
-0 -0 0 1
259 259 0
0.661817 -0.00310285 0.749659 -1.20656
0.0277137 0.999409 -0.0203298 -0.00248284
-0.749153 0.0342305 0.661512 -0.859404
-0 -0 0 1
260 260 0
0.591394 -0.00361708 0.806375 -1.24936
0.0293981 0.999422 -0.0170775 0.0427053
-0.805847 0.0338055 0.591159 -0.940835
-0 -0 0 1
261 261 0
0.524946 -0.0226406 0.850835 -1.32684
0.0268639 0.999589 0.0100245 0.0454883
-0.850712 0.0175944 0.525338 -1.02199
-0 -0 0 1
262 262 0
0.471509 -0.0879195 0.877468 -1.40557
0.0237315 0.995922 0.0870361 0.0633838
-0.881542 -0.0202147 0.471673 -1.10442
-0 -0 0 1
263 263 0
0.409037 -0.192209 0.892045 -1.43429
0.0160996 0.978932 0.203549 0.0692954
-0.912376 -0.0688973 0.403514 -1.08644
-0 -0 0 1
264 264 0
0.16527 -0.215502 0.962416 -1.39573
-0.00643276 0.975579 0.219554 0.068642
-0.986227 -0.0424767 0.159848 -1.02267
-0 -0 0 1
265 265 0
0.0129025 -0.0420417 0.999033 -1.37839
-0.0022113 0.999112 0.0420736 0.0293147
-0.999914 -0.00275202 0.0127981 -1.00014
-0 -0 0 1
266 266 0
-0.0855129 0.0518348 0.994988 -1.39137
0.0102156 0.998639 -0.051147 -0.00244455
-0.996285 0.00579064 -0.085926 -1.04926
-0 -0 0 1
267 267 0
-0.0557775 0.220956 0.973687 -1.39051
0.00281539 0.975237 -0.221146 -0.028823
-0.998439 -0.00959367 -0.0550184 -1.05127
-0 -0 0 1
268 268 0
0.225585 0.292997 0.92912 -1.40564
-0.00610795 0.95411 -0.299394 -0.0330941
-0.974204 0.0618637 0.217022 -1.13348
-0 -0 0 1
269 269 0
0.451619 0.259523 0.853632 -1.42602
0.0170192 0.954081 -0.299065 -0.0124998
-0.892049 0.149592 0.426464 -1.2351
-0 -0 0 1
270 270 0
0.534558 0.186314 0.824339 -1.45288
0.0450174 0.967735 -0.247916 0.00557297
-0.843932 0.169635 0.508923 -1.30633
-0 -0 0 1
271 271 0
0.684433 0.120046 0.719125 -1.4484
0.0508119 0.976099 -0.211305 0.0105199
-0.727303 0.181164 0.661974 -1.42734
-0 -0 0 1
272 272 0
0.788271 0.0107892 0.615233 -1.43362
0.0625215 0.993267 -0.0975247 0.0332949
-0.612143 0.115341 0.782289 -1.52453
-0 -0 0 1
273 273 0
0.879121 -0.0731634 0.470949 -1.39263
0.0674528 0.9973 0.0290194 0.0336566
-0.4718 0.00625524 0.881683 -1.64314
-0 -0 0 1
274 274 0
0.922964 -0.112508 0.368074 -1.34011
0.0599251 0.986666 0.151326 0.0346216
-0.380192 -0.117612 0.917399 -1.75004
-0 -0 0 1
275 275 0
0.945659 -0.0997101 0.309493 -1.24884
0.0421132 0.981363 0.187491 0.0133057
-0.32242 -0.164269 0.932235 -1.85005
-0 -0 0 1
276 276 0
0.952192 -0.0740811 0.296382 -1.14395
0.0191668 0.982729 0.184057 -0.0138983
-0.304898 -0.169577 0.937166 -1.85154
-0 -0 0 1
277 277 0
0.976814 -0.0111487 0.2138 -1.03866
0.00420228 0.999449 0.0329175 -0.0699878
-0.214049 -0.0312558 0.976323 -1.84841
-0 -0 0 1
278 278 0
0.99921 0.0258983 0.0301528 -0.938155
-0.0211531 0.988725 -0.148243 -0.0843899
-0.0336521 0.147488 0.988491 -1.81725
-0 -0 0 1
279 279 0
0.998981 -0.00863183 -0.0442977 -0.837251
-0.00167489 0.973772 -0.22752 -0.0906046
0.0450998 0.227363 0.972765 -1.76802
-0 -0 0 1
280 280 0
0.999716 -0.0222741 0.00842429 -0.748421
0.0236945 0.965767 -0.258328 -0.0882995
-0.00238189 0.258454 0.966021 -1.71486
-0 -0 0 1
281 281 0
0.99645 -0.0205864 0.0816307 -0.676479
0.0414309 0.964008 -0.262627 -0.0444318
-0.073286 0.265077 0.961438 -1.71041
-0 -0 0 1
282 282 0
0.999412 -0.0341696 0.00286222 -0.58081
0.0337331 0.964797 -0.260822 0.00281658
0.00615072 0.260765 0.965383 -1.78848
-0 -0 0 1
283 283 0
0.981467 -0.0758679 -0.175972 -0.452485
0.0398253 0.978995 -0.199958 0.0277672
0.187446 0.189244 0.963873 -1.83278
-0 -0 0 1
284 284 0
0.941353 -0.0850585 -0.326527 -0.341121
0.0595297 0.994392 -0.0874138 0.0457903
0.332131 0.0628492 0.941137 -1.87592
-0 -0 0 1
285 285 0
0.926289 -0.0761625 -0.369037 -0.227173
0.0697598 0.997092 -0.0306832 0.0540367
0.370301 0.00267752 0.928908 -1.93913
-0 -0 0 1
286 286 0
0.897798 -0.0661135 -0.435417 -0.14579
0.0621251 0.997794 -0.023407 0.0735809
0.436004 -0.00603562 0.899924 -1.98243
-0 -0 0 1
287 287 0
0.867364 -0.050272 -0.495129 -0.10782
0.0497226 0.998661 -0.0142935 0.0671998
0.495185 -0.0122214 0.868702 -1.99849
-0 -0 0 1
288 288 0
0.842096 -0.0484652 -0.537146 -0.0928497
0.0394181 0.998821 -0.0283241 0.0499989
0.537885 0.00267836 0.843014 -1.99987
-0 -0 0 1
289 289 0
0.880893 -0.0706861 -0.468008 -0.0853173
0.0354844 0.995866 -0.0836224 0.048002
0.471984 0.0570554 0.879759 -2.00119
-0 -0 0 1
290 290 0
0.940245 -0.068394 -0.333559 -0.0832527
0.0373347 0.994421 -0.098659 0.0497564
0.338446 0.0803103 0.937552 -2.00599
-0 -0 0 1
291 291 0
0.95971 -0.0751895 -0.270745 -0.0789363
0.0357128 0.988359 -0.147889 0.0504851
0.278713 0.132261 0.951223 -2.01057
-0 -0 0 1
292 292 0
0.962936 -0.074663 -0.25919 -0.119419
0.0344853 0.987118 -0.156233 0.0512516
0.267516 0.141504 0.953106 -2.0332
-0 -0 0 1
293 293 0
0.98293 -0.0630221 -0.172846 -0.241745
0.0390512 0.98956 -0.138733 0.0529808
0.179785 0.129615 0.975129 -2.13164
-0 -0 0 1
294 294 0
0.992315 -0.048361 -0.113892 -0.34153
0.0397877 0.996284 -0.076382 0.0517629
0.117163 0.0712636 0.990553 -2.22131
-0 -0 0 1
295 295 0
0.992652 -0.0409192 -0.113874 -0.358829
0.0399959 0.999146 -0.0103822 0.0396408
0.114202 0.00575142 0.993441 -2.30874
-0 -0 0 1
296 296 0
